0.0 0.0 1.0 0.0 0.0 1.0 0.0 0.0 0.0 0.0 0.0 0.0 0.0 0.0 0.0 1.0 0.0 0.0 0.0 0.0 0.0 0.0 0.0 0.0 0.0 0.0 0.0 0.0 0.0 0.0 0.0 0.0 1420.0 8.4 32.6 10.9 14.5 667.0 296.0 2.44 7.398478 8.352609 17.377391 33.128261 16.255652 137.157609 348.8 495.9 208.4 361.7 737.0 366.0 1
1.0 0.0 0.0 0.0 1.0 0.0 0.0 0.0 0.0 0.0 0.0 0.0 0.0 0.0 0.0 0.0 0.0 0.0 0.0 0.0 0.0 1.0 0.0 0.0 0.0 0.0 0.0 0.0 0.0 0.0 0.0 0.0 1678.0 9.5 27.3 10.4 16.6 772.0 372.0 1.59 9.72 10.21 23.59 43.52 19.93 152.88 439.0 782.8 231.2 375.4 842.0 442.0 1
0.0 0.0 1.0 0.0 1.0 0.0 0.0 0.0 0.0 0.0 0.0 0.0 0.0 0.0 0.0 0.0 0.0 0.0 0.0 0.0 1.0 0.0 0.0 0.0 0.0 0.0 0.0 0.0 0.0 0.0 0.0 0.0 1387.0 8.8 28.7 8.1 10.0 626.0 240.0 1.55 4.36 6.34 14.41 25.11 10.71 210.08 362.6 453.3 270.2 303.7 696.0 310.0 1
0.0 1.0 0.0 0.0 1.0 0.0 0.0 0.0 0.0 0.0 1.0 0.0 0.0 0.0 0.0 0.0 0.0 0.0 0.0 0.0 0.0 0.0 0.0 0.0 0.0 0.0 0.0 0.0 0.0 0.0 0.0 0.0 2056.0 7.5 23.0 7.5 8.8 664.0 323.0 2.85 1.47 1.82 11.96 15.25 3.29 137.54 317.8 673.5 581.3 219.4 734.0 393.0 1
0.0 1.0 0.0 1.0 0.0 0.0 0.0 0.0 0.0 0.0 0.0 0.0 0.0 0.0 0.0 1.0 0.0 0.0 0.0 0.0 0.0 0.0 0.0 0.0 0.0 0.0 0.0 0.0 0.0 0.0 0.0 0.0 1804.0 5.0 17.8 5.6 3.5 601.0 272.0 -4.34 4.81 6.87 6.3 17.98 11.68 98.26 348.0 545.8 670.6 140.4 671.0 342.0 1
0.0 0.0 1.0 0.0 1.0 0.0 0.0 0.0 0.0 0.0 0.0 0.0 0.0 0.0 0.0 0.0 0.0 0.0 0.0 0.0 0.0 0.0 0.0 0.0 0.0 0.0 0.0 0.0 0.0 0.0 0.0 1.0 1341.0 6.4 27.3 7.5 7.8 626.0 240.0 2.27 5.92 8.35 11.19 25.47 14.28 187.28 319.6 415.8 272.1 281.7 696.0 310.0 1
0.0 1.0 0.0 0.0 1.0 0.0 0.0 0.0 0.0 0.0 0.0 0.0 1.0 0.0 0.0 0.0 0.0 0.0 0.0 0.0 0.0 0.0 0.0 0.0 0.0 0.0 0.0 0.0 0.0 0.0 0.0 0.0 2523.0 7.0 27.0 7.7 8.7 664.0 323.0 6.39 1.43 2.16 14.09 17.69 3.59 189.27 225.0 438.8 392.6 254.8 734.0 393.0 1
0.0 0.0 1.0 0.0 0.0 1.0 0.0 0.0 0.0 0.0 0.0 0.0 0.0 0.0 0.0 0.0 0.0 0.0 0.0 0.0 0.0 0.0 1.0 0.0 0.0 0.0 0.0 0.0 0.0 0.0 0.0 0.0 1858.0 9.2 29.9 10.4 14.3 667.0 296.0 6.72 5.8 7.65 22.25 35.7 13.46 188.67 416.0 417.2 151.6 372.9 737.0 366.0 1
1.0 0.0 0.0 1.0 0.0 0.0 0.0 0.0 0.0 0.0 0.0 0.0 0.0 0.0 0.0 0.0 0.0 0.0 0.0 0.0 1.0 0.0 0.0 0.0 0.0 0.0 0.0 0.0 0.0 0.0 0.0 0.0 1674.0 7.7 24.9 8.7 11.3 651.0 262.0 3.61 7.398478 8.352609 17.377391 33.128261 16.255652 137.157609 339.4 393.5 264.2 312.6 721.0 332.0 1
0.0 0.0 1.0 0.0 0.0 1.0 0.0 0.0 0.0 0.0 0.0 0.0 0.0 0.0 0.0 0.0 1.0 0.0 0.0 0.0 0.0 0.0 0.0 0.0 0.0 0.0 0.0 0.0 0.0 0.0 0.0 0.0 1542.0 8.9 32.5 11.8 14.5 667.0 296.0 3.31 3.87 4.78 28.6 37.25 8.65 193.38 411.8 454.1 162.6 344.0 737.0 366.0 1
0.0 0.0 1.0 0.0 0.0 0.0 1.0 0.0 0.0 0.0 0.0 0.0 0.0 0.0 0.0 0.0 0.0 0.0 0.0 1.0 0.0 0.0 0.0 0.0 0.0 0.0 0.0 0.0 0.0 0.0 0.0 0.0 1742.0 8.0 30.4 10.9 12.8 704.0 309.0 7.21 5.11 6.6 21.52 33.23 11.7 198.82 486.6 644.6 222.1 209.6 774.0 379.0 1
1.0 0.0 0.0 1.0 0.0 0.0 0.0 0.0 0.0 0.0 0.0 0.0 0.0 0.0 0.0 0.0 0.0 0.0 0.0 0.0 0.0 0.0 0.0 0.0 0.0 0.0 0.0 1.0 0.0 0.0 0.0 0.0 2228.0 7.5 26.4 9.0 11.4 651.0 262.0 -1.2 7.398478 8.352609 17.377391 33.128261 16.255652 137.157609 314.0 436.8 175.8 328.1 721.0 332.0 1
0.0 1.0 0.0 1.0 0.0 0.0 0.0 0.0 0.0 0.0 0.0 0.0 0.0 0.0 0.0 0.0 0.0 0.0 0.0 0.0 0.0 0.0 0.0 0.0 0.0 0.0 0.0 1.0 0.0 0.0 0.0 0.0 1437.0 4.6 16.9 5.1 1.4 601.0 272.0 -5.79 5.36 7.71 4.41 17.47 13.06 101.74 312.6 470.4 737.6 191.2 671.0 342.0 1
0.0 0.0 1.0 0.0 1.0 0.0 0.0 0.0 0.0 0.0 0.0 0.0 0.0 0.0 0.0 0.0 0.0 0.0 0.0 0.0 0.0 0.0 0.0 0.0 0.0 0.0 0.0 1.0 0.0 0.0 0.0 0.0 1409.0 6.3 24.6 7.1 9.2 626.0 240.0 -3.49 6.3 9.15 9.86 25.31 15.45 156.95 375.6 493.3 400.2 395.5 696.0 310.0 1
0.0 1.0 0.0 0.0 0.0 0.0 1.0 0.0 0.0 0.0 0.0 1.0 0.0 0.0 0.0 0.0 0.0 0.0 0.0 0.0 0.0 0.0 0.0 0.0 0.0 0.0 0.0 0.0 0.0 0.0 0.0 0.0 2324.0 10.0 31.6 12.0 11.9 804.0 438.0 12.3 2.4 3.0 29.45 34.85 5.4 196.24 363.2 533.6 228.1 129.0 874.0 508.0 1
0.0 1.0 0.0 0.0 1.0 0.0 0.0 0.0 0.0 0.0 0.0 0.0 0.0 0.0 0.0 1.0 0.0 0.0 0.0 0.0 0.0 0.0 0.0 0.0 0.0 0.0 0.0 0.0 0.0 0.0 0.0 0.0 1537.0 7.0 24.4 6.9 7.8 664.0 323.0 4.7946 3.05 4.88 9.83 17.76 7.93 162.02 322.5 549.9 447.9 230.1 734.0 393.0 1
0.0 1.0 0.0 1.0 0.0 0.0 0.0 0.0 0.0 1.0 0.0 0.0 0.0 0.0 0.0 0.0 0.0 0.0 0.0 0.0 0.0 0.0 0.0 0.0 0.0 0.0 0.0 0.0 0.0 0.0 0.0 0.0 1064.0 5.7 13.0 5.2 4.8 601.0 272.0 1.96 8.16 9.97 3.65 21.79 18.14 57.33 409.6 409.9 849.4 243.4 671.0 342.0 1
0.0 1.0 0.0 0.0 0.0 1.0 0.0 0.0 0.0 0.0 0.0 0.0 0.0 0.0 0.0 0.0 0.0 0.0 0.0 0.0 0.0 0.0 0.0 0.0 0.0 0.0 0.0 0.0 0.0 0.0 1.0 0.0 1878.0 10.9 30.0 10.1 11.6 727.0 376.0 8.54 4.11 5.25 19.92 29.28 9.36 183.3 431.3 617.5 188.0 329.5 797.0 446.0 1
1.0 0.0 0.0 0.0 1.0 0.0 0.0 0.0 0.0 0.0 0.0 0.0 0.0 0.0 0.0 1.0 0.0 0.0 0.0 0.0 0.0 0.0 0.0 0.0 0.0 0.0 0.0 0.0 0.0 0.0 0.0 0.0 1722.0 7.4 22.8 9.6 17.6 772.0 372.0 -4.85 16.26 14.91 16.6 47.77 31.17 108.98 604.3 621.6 538.1 312.6 842.0 442.0 2
0.0 0.0 1.0 1.0 0.0 0.0 0.0 0.0 0.0 0.0 0.0 0.0 0.0 0.0 0.0 0.0 0.0 0.0 1.0 0.0 0.0 0.0 0.0 0.0 0.0 0.0 0.0 0.0 0.0 0.0 0.0 0.0 1772.0 3.1 18.8 6.3 6.1 602.0 190.0 -8.45 9.79 11.94 5.81 27.54 21.73 112.05 430.0 530.7 548.2 333.6 672.0 260.0 2
1.0 0.0 0.0 1.0 0.0 0.0 0.0 0.0 0.0 0.0 0.0 0.0 0.0 0.0 0.0 1.0 0.0 0.0 0.0 0.0 0.0 0.0 0.0 0.0 0.0 0.0 0.0 0.0 0.0 0.0 0.0 0.0 1712.0 6.9 21.2 8.4 12.2 651.0 262.0 -0.29 7.398478 8.352609 17.377391 33.128261 16.255652 137.157609 505.5 542.9 597.4 226.1 721.0 332.0 2
0.0 0.0 1.0 0.0 0.0 0.0 1.0 0.0 0.0 0.0 0.0 0.0 1.0 0.0 0.0 0.0 0.0 0.0 0.0 0.0 0.0 0.0 0.0 0.0 0.0 0.0 0.0 0.0 0.0 0.0 0.0 0.0 1581.0 8.1 29.6 10.6 13.0 704.0 309.0 8.53 6.16 8.02 22.82 37.0 14.18 163.1 549.5 641.4 439.7 164.5 774.0 379.0 2
1.0 0.0 0.0 0.0 0.0 1.0 0.0 0.0 0.0 0.0 0.0 0.0 0.0 0.0 0.0 0.0 0.0 0.0 0.0 0.0 0.0 0.0 0.0 0.0 0.0 0.0 0.0 0.0 1.0 0.0 0.0 0.0 1162.0 8.1 19.1 8.9 17.6 891.0 461.0 9.6 17.23 15.28 12.64 45.15 32.51 59.78 607.5 754.3 505.5 357.1 961.0 531.0 2
1.0 0.0 0.0 0.0 1.0 0.0 0.0 0.0 0.0 0.0 0.0 0.0 0.0 0.0 0.0 0.0 0.0 0.0 1.0 0.0 0.0 0.0 0.0 0.0 0.0 0.0 0.0 0.0 0.0 0.0 0.0 0.0 1502.0 7.7 24.0 9.8 14.2 772.0 372.0 0.39 10.73 11.5 19.32 41.54 22.22 126.96 536.8 773.8 567.7 208.8 842.0 442.0 2
0.0 1.0 0.0 0.0 0.0 0.0 1.0 0.0 0.0 0.0 0.0 0.0 0.0 0.0 0.0 0.0 0.0 0.0 0.0 0.0 0.0 0.0 0.0 1.0 0.0 0.0 0.0 0.0 0.0 0.0 0.0 0.0 2094.0 9.7 26.2 10.8 15.1 804.0 438.0 12.14 4.85 6.26 22.69 33.8 11.11 148.03 561.4 676.6 454.3 178.6 874.0 508.0 2
1.0 0.0 0.0 0.0 1.0 0.0 0.0 0.0 0.0 0.0 0.0 0.0 0.0 0.0 0.0 0.0 0.0 0.0 0.0 0.0 0.0 0.0 1.0 0.0 0.0 0.0 0.0 0.0 0.0 0.0 0.0 0.0 2523.0 7.9 25.9 10.2 16.6 772.0 372.0 1.8 6.81 7.67 23.23 37.71 14.48 142.97 464.4 744.0 396.4 307.1 842.0 442.0 2
0.0 0.0 1.0 0.0 0.0 0.0 1.0 0.0 0.0 0.0 0.0 0.0 0.0 1.0 0.0 0.0 0.0 0.0 0.0 0.0 0.0 0.0 0.0 0.0 0.0 0.0 0.0 0.0 0.0 0.0 0.0 0.0 1292.0 7.9 25.5 9.8 13.9 704.0 309.0 5.01 9.84 12.32 18.0 40.16 22.16 146.63 605.3 654.1 432.9 307.9 774.0 379.0 2
1.0 0.0 0.0 0.0 0.0 0.0 1.0 0.0 0.0 0.0 0.0 0.0 0.0 0.0 0.0 0.0 0.0 0.0 0.0 0.0 0.0 0.0 0.0 0.0 0.0 0.0 0.0 1.0 0.0 0.0 0.0 0.0 1800.0 10.3 20.5 9.3 19.4 953.0 542.0 7.93 14.53 13.1 16.3 43.93 27.63 83.23 650.9 704.5 756.7 221.9 1023.0 612.0 2
0.0 1.0 0.0 0.0 0.0 1.0 0.0 0.0 0.0 0.0 0.0 0.0 0.0 0.0 1.0 0.0 0.0 0.0 0.0 0.0 0.0 0.0 0.0 0.0 0.0 0.0 0.0 0.0 0.0 0.0 0.0 0.0 2180.0 9.5 28.9 10.7 11.0 727.0 376.0 10.1 6.62 8.21 21.15 35.98 14.83 151.73 585.0 644.5 215.7 263.719608 797.0 446.0 2
0.0 0.0 1.0 1.0 0.0 0.0 0.0 0.0 0.0 0.0 0.0 0.0 0.0 0.0 0.0 0.0 1.0 0.0 0.0 0.0 0.0 0.0 0.0 0.0 0.0 0.0 0.0 0.0 0.0 0.0 0.0 0.0 1654.0 3.0 17.3 5.3 5.1 602.0 190.0 -9.08 7.44 10.21 3.53 21.18 17.65 97.57 317.6 350.3 680.9 211.3 672.0 260.0 2
0.0 1.0 0.0 0.0 0.0 1.0 0.0 0.0 0.0 0.0 1.0 0.0 0.0 0.0 0.0 0.0 0.0 0.0 0.0 0.0 0.0 0.0 0.0 0.0 0.0 0.0 0.0 0.0 0.0 0.0 0.0 0.0 2254.0 8.9 23.5 9.0 10.8 727.0 376.0 6.28 6.02 7.57 17.63 31.21 13.58 114.45 512.5 721.9 531.2 188.2 797.0 446.0 2
0.0 0.0 1.0 0.0 0.0 0.0 0.0 1.0 0.0 0.0 0.0 0.0 0.0 0.0 0.0 1.0 0.0 0.0 0.0 0.0 0.0 0.0 0.0 0.0 0.0 0.0 0.0 0.0 0.0 0.0 0.0 0.0 1635.0 9.9 25.8 10.2 18.9 709.0 368.0 16.82 6.5 7.74 19.12 33.36 14.24 111.2 564.9 649.6 555.5 156.9 779.0 438.0 2
1.0 0.0 0.0 1.0 0.0 0.0 0.0 0.0 0.0 0.0 0.0 0.0 0.0 0.0 0.0 0.0 0.0 0.0 0.0 0.0 0.0 0.0 1.0 0.0 0.0 0.0 0.0 0.0 0.0 0.0 0.0 0.0 1619.0 6.7 20.5 7.7 12.8 651.0 262.0 0.83 7.398478 8.352609 17.377391 33.128261 16.255652 137.157609 538.5 605.5 440.4 307.6 721.0 332.0 2
0.0 0.0 1.0 0.0 0.0 0.0 0.0 1.0 0.0 0.0 0.0 0.0 0.0 0.0 0.0 0.0 0.0 0.0 0.0 0.0 0.0 0.0 0.0 0.0 1.0 0.0 0.0 0.0 0.0 0.0 0.0 0.0 1669.0 8.9 28.2 11.0 17.2 709.0 368.0 4.7946 5.25 6.09 22.64 33.98 11.34 131.69 575.5 670.0 329.3 156.6 779.0 438.0 2
0.0 1.0 0.0 0.0 0.0 0.0 1.0 0.0 0.0 0.0 0.0 0.0 0.0 0.0 0.0 0.0 0.0 0.0 1.0 0.0 0.0 0.0 0.0 0.0 0.0 0.0 0.0 0.0 0.0 0.0 0.0 0.0 1910.0 9.5 31.1 11.2 10.3 804.0 438.0 8.44 5.41 7.15 26.09 38.66 12.56 192.2 506.2 519.9 297.8 131.2 874.0 508.0 2
0.0 0.0 1.0 0.0 0.0 0.0 0.0 1.0 0.0 0.0 0.0 0.0 0.0 0.0 0.0 0.0 0.0 0.0 0.0 0.0 0.0 0.0 0.0 1.0 0.0 0.0 0.0 0.0 0.0 0.0 0.0 0.0 1813.0 9.3 27.4 10.1 13.4 709.0 368.0 17.88 7.398478 8.352609 17.377391 33.128261 16.255652 137.157609 501.2 707.1 432.1 196.9 779.0 438.0 2
1.0 0.0 0.0 0.0 0.0 0.0 1.0 0.0 0.0 0.0 0.0 0.0 0.0 0.0 0.0 0.0 0.0 0.0 0.0 0.0 0.0 0.0 0.0 0.0 0.0 0.0 0.0 0.0 1.0 0.0 0.0 0.0 2100.0 11.7 25.7 14.0 21.1 953.0 542.0 10.91 12.26 9.12 39.32 60.7 21.38 101.26 957.5 1002.5 574.9 310.6 1023.0 612.0 3
0.0 1.0 0.0 0.0 0.0 1.0 0.0 0.0 0.0 0.0 0.0 0.0 0.0 0.0 0.0 0.0 0.0 0.0 0.0 1.0 0.0 0.0 0.0 0.0 0.0 0.0 0.0 0.0 0.0 0.0 0.0 0.0 1772.0 9.8 25.4 9.6 11.5 727.0 376.0 12.14 6.12 9.96 18.36 34.44 16.08 120.9 617.3 781.6 434.4 239.6 797.0 446.0 3
1.0 0.0 0.0 0.0 0.0 0.0 1.0 0.0 0.0 0.0 0.0 1.0 0.0 0.0 0.0 0.0 0.0 0.0 0.0 0.0 0.0 0.0 0.0 0.0 0.0 0.0 0.0 0.0 0.0 0.0 0.0 0.0 1500.0 10.4 26.4 12.0 22.7 953.0 542.0 6.96 11.77 10.06 29.54 51.37 21.83 119.06 819.6 891.1 615.9 282.0 1023.0 612.0 3
