153 71 6
1 1 1 1 1 1 1 1 1 1 1 1 1 1 1 1 1 1 1 1 1 1 1 1 1 1 1 1 1 1 1 1 1 1 1 1 1 1 1 1 1 1 1 1 1 1 1 1 1 1 1 1 1 1 1 1 1 1 1 1 1 1 1 1 1 1 1 1 1 1 1 2 2 2 2 2 2 
231 0 0 0 0 1 0 0 0 0 0 0 0 0 0 0 0 0 0 0 0 0 0 1 0 1 0 0 0 1 0 0 0 1 0 99.2 178.5 67.9 49.7 3139 0 0 0 0 0 1 0 0 0 0 1 0 0 0 181 0 0 0 0 0 1 0 0 3.43 3.27 9 160 5200 19 25 18399 0 0 0 1 0 0
125 0 0 1 0 0 0 0 0 0 0 0 0 0 0 0 0 0 0 0 0 0 0 1 0 0 0 0 1 0 0 0 1 0 0 96.3 172.4 65.4 51.6 2365 0 0 0 1 0 0 0 0 0 1 0 0 0 0 122 0 1 0 0 0 0 0 0 3.35 3.46 8.5 88 5000 25 32 6989 0 0 0 1 0 0
122 0 0 0 0 0 0 0 0 0 0 0 0 0 0 0 0 0 0 0 0 1 0 1 0 1 0 0 0 1 0 0 0 1 0 94.5 171.2 65.5 52.4 2823 0 0 0 0 0 1 0 0 0 0 1 0 0 0 152 0 0 0 0 0 1 0 0 2.68 3.47 9 154 5000 19 26 16500 0 0 0 1 0 0
168 1 0 0 0 0 0 0 0 0 0 0 0 0 0 0 0 0 0 0 0 0 0 1 0 1 0 0 1 0 0 0 0 1 0 94.5 168.7 64 52.6 2169 0 0 0 1 0 0 0 0 0 1 0 0 0 0 98 0 1 0 0 0 0 0 0 3.19 3.03 9 70 4800 29 34 8058 0 0 0 1 0 0
104 0 1 0 0 0 0 0 0 0 0 0 0 0 0 0 0 0 0 0 0 0 0 1 0 1 0 0 0 1 0 0 1 0 0 93.1 159.1 64.2 54.1 1890 0 0 0 1 0 0 0 0 0 1 0 0 0 0 91 0 1 0 0 0 0 0 0 3.03 3.15 9 68 5000 30 31 5195 0 0 0 1 0 0
148 0 0 0 1 0 0 0 0 0 0 0 0 0 0 0 0 0 0 0 0 0 0 1 0 0 0 0 1 0 0 0 1 0 0 93.7 157.3 63.8 50.6 1989 0 0 0 1 0 0 0 0 0 1 0 0 0 0 90 0 1 0 0 0 0 0 0 2.97 3.23 9.4 68 5500 31 38 7609 0 0 0 1 0 0
122 0 0 0 0 1 0 0 0 0 0 0 0 0 0 0 0 0 0 0 0 0 0 1 0 0 0 0 1 0 0 0 1 0 0 94.5 165.3 63.8 54.5 1971 0 0 0 1 0 0 0 0 0 1 0 0 0 0 97 0 1 0 0 0 0 0 0 3.15 3.29 9.4 69 5200 31 37 7499 0 0 0 1 0 0
154 0 0 0 0 0 0 0 0 0 0 1 0 0 0 0 0 0 0 0 0 0 0 1 0 0 0 0 1 0 0 0 1 0 0 93.7 167.3 63.8 50.8 2191 0 0 0 1 0 0 0 0 0 1 0 0 0 0 98 0 1 0 0 0 0 0 0 2.97 3.23 9.4 68 5500 31 38 7609 0 0 0 1 0 0
128 0 0 0 0 1 0 0 0 0 0 0 0 0 0 0 0 0 0 0 0 0 0 1 0 1 0 0 1 0 0 0 1 0 0 94.5 165.3 63.8 54.5 1918 0 0 0 1 0 0 0 0 0 1 0 0 0 0 97 0 1 0 0 0 0 0 0 3.15 3.29 9.4 69 5200 31 37 6649 0 0 0 1 0 0
168 1 0 0 0 0 0 0 0 0 0 0 0 0 0 0 0 0 0 0 0 0 0 1 0 1 0 0 0 1 0 0 0 1 0 94.5 168.7 64 52.6 2300 1 0 0 0 0 0 0 0 0 1 0 0 0 0 98 0 0 0 0 0 1 0 0 3.24 3.08 9.4 112 6600 26 29 9538 0 0 0 1 0 0
122 0 0 0 0 1 0 0 0 0 0 0 0 0 0 0 0 0 0 0 0 0 0 1 0 0 0 0 1 0 0 0 1 0 0 94.5 165.3 63.8 54.5 1938 0 0 0 1 0 0 0 0 0 1 0 0 0 0 97 0 1 0 0 0 0 0 0 3.15 3.29 9.4 69 5200 31 37 6849 0 0 0 1 0 0
98 0 0 0 0 0 0 0 1 0 0 0 0 0 0 0 0 0 0 0 0 0 0 1 0 1 0 0 0 1 0 0 1 0 0 94.5 155.9 63.6 52 1874 0 0 0 1 0 0 0 0 0 1 0 0 0 0 90 0 1 0 0 0 0 0 0 3.03 3.11 9.6 70 5400 38 43 6295 0 0 0 1 0 0
122 0 0 0 0 0 0 0 0 0 0 0 0 0 0 1 0 0 0 0 0 0 0 1 0 0 0 1 0 0 0 0 1 0 0 105.8 192.7 71.4 55.7 2954 0 0 0 1 0 0 0 0 1 0 0 0 0 0 136 0 0 0 0 0 1 0 0 3.19 3.4 8.5 110 5500 19 25 18920 0 0 0 1 0 0
74 1 0 0 0 0 0 0 0 0 0 0 0 0 0 0 0 0 0 0 0 0 0 1 0 0 0 0 0 1 0 0 1 0 0 95.7 158.7 63.6 54.5 2015 0 0 0 1 0 0 0 0 0 1 0 0 0 0 92 0 1 0 0 0 0 0 0 3.05 3.03 9 62 4800 31 38 6488 0 0 0 1 0 0
122 0 0 0 0 0 0 0 0 0 0 0 0 0 0 1 0 0 0 0 0 0 0 1 0 1 0 0 1 0 0 0 1 0 0 99.8 177.3 66.3 53.1 2507 0 0 0 1 0 0 0 0 1 0 0 0 0 0 136 0 0 0 0 0 1 0 0 3.19 3.4 8.5 110 5500 19 25 15250 0 0 0 0 1 0
122 0 0 0 0 0 0 0 0 0 1 0 0 0 0 0 0 0 0 0 0 0 0 1 0 1 0 0 1 0 0 0 1 0 0 97.3 171.7 65.5 55.7 2209 0 0 0 1 0 0 0 0 0 1 0 0 0 0 109 0 0 0 0 0 1 0 0 3.19 3.4 9 85 5250 27 34 7975 0 0 0 0 1 0
192 0 0 0 0 0 0 0 0 1 0 0 0 0 0 0 0 0 0 0 0 0 0 1 0 1 0 0 1 0 0 0 0 1 0 101.2 176.8 64.8 54.3 2395 0 0 0 1 0 0 0 0 0 1 0 0 0 0 108 0 0 0 0 0 1 0 0 3.5 2.8 8.8 101 5800 23 29 16430 0 0 0 0 1 0
94 0 0 0 0 0 0 0 0 0 1 0 0 0 0 0 0 0 0 0 0 0 0 0 0 0 0 0 1 0 0 0 1 0 0 97.3 171.7 65.5 55.7 2264 0 0 0 1 0 0 0 0 0 1 0 0 0 0 97 0 0 0 1 0 0 0 0 3.01 3.4 23 52 4800 37 46 7995 0 0 0 0 1 0
137 0 0 0 0 0 0 0 0 0 0 0 0 0 0 0 1 0 0 0 0 0 0 1 0 1 0 0 0 1 0 0 1 0 0 86.6 144.6 63.9 50.8 1819 0 0 0 1 0 0 0 0 0 1 0 0 0 0 92 1 0 0 0 0 0 0 0 2.91 3.41 9.2 76 6000 31 38 6855 0 0 0 0 1 0
134 1 0 0 0 0 0 0 0 0 0 0 0 0 0 0 0 0 0 0 0 0 0 1 0 1 1 0 0 0 0 0 0 1 0 98.4 176.2 65.6 52 2540 0 0 0 1 0 0 0 0 0 1 0 0 0 0 146 0 0 0 0 0 1 0 0 3.62 3.5 9.3 116 4800 24 30 8449 0 0 0 0 1 0
134 1 0 0 0 0 0 0 0 0 0 0 0 0 0 0 0 0 0 0 0 0 0 1 0 1 0 0 0 0 1 0 0 1 0 98.4 176.2 65.6 53 2975 0 0 0 1 0 0 0 0 0 1 0 0 0 0 146 0 0 0 0 0 1 0 0 3.62 3.5 9.3 116 4800 24 30 17669 0 0 0 0 1 0
83 0 0 0 0 0 0 0 0 0 0 0 0 0 1 0 0 0 0 0 0 0 0 1 0 1 0 0 0 1 0 0 1 0 0 93.7 157.9 63.6 53.7 2120 0 0 0 0 1 0 0 0 0 1 0 0 0 0 108 0 1 0 0 0 0 0 0 3.62 2.64 8.7 73 4400 26 31 7053 0 0 0 0 1 0
102 0 0 0 0 0 0 0 0 0 0 0 0 0 1 0 0 0 0 0 0 0 0 1 0 0 0 0 1 0 0 0 1 0 0 97.2 172 65.4 52.5 2145 0 0 0 0 1 0 0 0 0 1 0 0 0 0 108 0 1 0 0 0 0 0 0 3.62 2.64 9.5 82 4800 32 37 7126 0 0 1 0 0 0
89 0 0 0 0 0 0 0 0 0 0 0 0 0 1 0 0 0 0 0 0 0 0 1 0 0 0 1 0 0 0 0 1 0 0 97 173.5 65.4 53 2455 0 0 0 0 1 0 0 0 0 1 0 0 0 0 108 0 0 0 0 0 1 0 0 3.62 2.64 9 94 5200 25 31 10198 0 0 1 0 0 0
106 0 0 0 0 1 0 0 0 0 0 0 0 0 0 0 0 0 0 0 0 0 0 1 0 0 0 0 0 1 0 0 1 0 0 97.2 173.4 65.2 54.7 2324 0 0 0 1 0 0 0 0 0 1 0 0 0 0 120 0 1 0 0 0 0 0 0 3.33 3.47 8.5 97 5200 27 34 8949 0 0 1 0 0 0
122 0 0 0 0 0 0 0 0 1 0 0 0 0 0 0 0 0 0 0 0 0 0 1 0 1 0 0 1 0 0 0 0 1 0 103.5 193.8 67.9 53.7 3380 0 0 0 1 0 0 0 0 0 0 1 0 0 0 209 0 0 0 0 0 1 0 0 3.62 3.39 8 182 5400 16 22 41315 0 0 1 0 0 0
122 0 0 0 0 0 1 0 0 0 0 0 0 0 0 0 0 0 0 0 0 0 0 1 0 0 0 0 1 0 0 0 0 1 0 113 199.6 69.6 52.8 4066 1 0 0 0 0 0 0 0 0 0 1 0 0 0 258 0 0 0 0 0 1 0 0 3.63 4.17 8.1 176 4750 15 19 35550 0 0 1 0 0 0
115 0 1 0 0 0 0 0 0 0 0 0 0 0 0 0 0 0 0 0 0 0 0 1 0 0 0 0 1 0 0 0 1 0 0 98.8 177.8 66.5 55.5 2410 0 0 0 1 0 0 0 0 0 1 0 0 0 0 122 0 1 0 0 0 0 0 0 3.39 3.39 8.6 84 4800 26 32 10245 0 0 1 0 0 0
106 0 0 0 0 1 0 0 0 0 0 0 0 0 0 0 0 0 0 0 0 0 0 1 0 0 0 0 1 0 0 0 1 0 0 97.2 173.4 65.2 54.7 2302 0 0 0 1 0 0 0 0 0 1 0 0 0 0 120 0 1 0 0 0 0 0 0 3.33 3.47 8.5 97 5200 27 34 9549 0 0 1 0 0 0
122 0 1 0 0 0 0 0 0 0 0 0 0 0 0 0 0 0 0 0 0 0 0 0 0 0 0 0 1 0 0 0 0 1 0 104.9 175 66.1 54.4 2700 0 0 0 1 0 0 0 0 0 1 0 0 0 0 134 0 0 0 1 0 0 0 0 3.43 3.64 22 72 4200 31 39 18344 0 0 1 0 0 0
122 0 0 0 0 0 0 0 0 0 1 0 0 0 0 0 0 0 0 0 0 0 0 1 0 0 0 0 1 0 0 0 1 0 0 100.4 180.2 66.9 55.1 2661 0 0 0 1 0 0 0 0 1 0 0 0 0 0 136 0 0 0 0 0 1 0 0 3.19 3.4 8.5 110 5500 19 24 13295 0 0 1 0 0 0
122 0 0 0 0 0 0 1 0 0 0 0 0 0 0 0 0 0 0 0 0 0 0 1 0 0 0 1 0 0 0 0 0 1 0 114.2 198.9 68.4 56.7 3285 0 0 1 0 0 0 0 0 0 1 0 0 0 0 120 0 0 0 0 0 1 0 0 3.46 2.19 8.4 95 5000 19 24 16695 0 0 1 0 0 0
85 0 0 0 0 0 0 0 0 0 0 0 0 0 0 0 1 0 0 0 0 0 0 1 0 0 0 0 1 0 0 0 1 0 0 96.5 175.4 65.2 54.1 2304 0 0 0 1 0 0 0 0 0 1 0 0 0 0 110 1 0 0 0 0 0 0 0 3.15 3.58 9 86 5800 27 33 8845 0 0 1 0 0 0
188 0 0 0 0 0 0 0 0 1 0 0 0 0 0 0 0 0 0 0 0 0 0 1 0 1 0 0 1 0 0 0 0 1 0 101.2 176.8 64.8 54.3 2710 0 0 0 1 0 0 0 0 0 0 1 0 0 0 164 0 0 0 0 0 1 0 0 3.31 3.19 9 121 4250 21 28 20970 0 0 1 0 0 0
122 0 0 0 0 0 0 0 0 0 1 0 0 0 0 0 0 0 0 0 0 0 0 1 0 0 0 1 0 0 0 0 1 0 0 100.4 183.1 66.9 55.1 2563 0 0 0 1 0 0 0 0 0 1 0 0 0 0 109 0 0 0 0 0 1 0 0 3.19 3.4 9 88 5500 25 31 12290 0 0 1 0 0 0
188 0 0 0 0 0 0 0 0 1 0 0 0 0 0 0 0 0 0 0 0 0 0 1 0 0 0 0 1 0 0 0 0 1 0 101.2 176.8 64.8 54.3 2765 0 0 0 1 0 0 0 0 0 0 1 0 0 0 164 0 0 0 0 0 1 0 0 3.31 3.19 9 121 4250 21 28 21105 0 0 1 0 0 0
145 0 0 0 0 0 1 0 0 0 0 0 0 0 0 0 0 0 0 0 0 0 0 1 0 0 0 0 1 0 0 0 0 1 0 113 199.6 69.6 52.8 4066 1 0 0 0 0 0 0 0 0 0 1 0 0 0 258 0 0 0 0 0 1 0 0 3.63 4.17 8.1 176 4750 15 19 32250 0 0 1 0 0 0
108 0 0 0 0 1 0 0 0 0 0 0 0 0 0 0 0 0 0 0 0 0 0 1 0 0 0 1 0 0 0 0 1 0 0 100.4 184.6 66.5 56.1 3296 0 0 0 0 0 1 0 0 0 0 1 0 0 0 181 0 0 0 0 0 1 0 0 3.43 3.27 9 152 5200 17 22 14399 0 0 1 0 0 0
122 0 0 0 0 0 0 0 0 0 0 0 0 0 0 0 0 0 0 0 0 1 0 1 0 1 0 0 0 0 1 0 0 1 0 88.6 168.8 64.1 48.8 2548 1 0 0 0 0 0 0 0 0 1 0 0 0 0 130 0 0 0 0 0 1 0 0 3.47 2.68 9 111 5000 21 27 13495 0 0 0 0 0 1
194 0 0 0 0 1 0 0 0 0 0 0 0 0 0 0 0 0 0 0 0 0 0 1 1 1 0 0 0 1 0 0 0 1 0 91.3 170.7 67.9 49.7 3139 0 0 0 0 0 1 0 0 0 0 1 0 0 0 181 0 0 0 0 0 1 0 0 3.43 3.27 7.8 200 5200 17 23 19699 0 0 0 0 0 1
150 0 1 0 0 0 0 0 0 0 0 0 0 0 0 0 0 0 0 0 0 0 0 1 0 1 0 0 0 1 0 0 0 1 0 95.3 169 65.7 49.6 2385 0 0 0 0 0 0 1 0 0 0 0 0 0 1 70 0 0 1 0 0 0 0 0 3.329751 3.255423 9.4 101 6000 17 23 13645 0 0 0 0 0 1
194 0 0 0 0 1 0 0 0 0 0 0 0 0 0 0 0 0 0 0 0 0 0 1 0 1 0 0 0 1 0 0 0 1 0 91.3 170.7 67.9 49.7 3071 0 0 0 0 0 1 0 0 0 0 1 0 0 0 181 0 0 0 0 0 1 0 0 3.43 3.27 9 160 5200 19 25 17199 0 0 0 0 0 1
122 0 0 0 0 0 0 0 0 0 0 0 0 0 0 0 0 0 0 0 0 1 0 1 0 1 0 0 0 0 1 0 0 1 0 88.6 168.8 64.1 48.8 2548 1 0 0 0 0 0 0 0 0 1 0 0 0 0 130 0 0 0 0 0 1 0 0 3.47 2.68 9 111 5000 21 27 16500 0 0 0 0 0 1
186 0 0 0 0 0 0 0 0 0 0 0 0 0 0 0 0 0 0 0 0 0 1 1 0 1 0 0 0 1 0 0 0 1 0 94.5 168.9 68.3 50.2 2778 0 0 0 1 0 0 0 0 0 1 0 0 0 0 151 0 0 0 0 0 1 0 0 3.94 3.11 9.5 143 5500 19 27 22018 0 0 0 0 0 1
150 0 0 0 0 0 0 0 0 0 0 0 0 0 0 0 0 0 0 1 0 0 0 1 1 1 0 0 0 1 0 0 1 0 0 99.1 186.6 66.5 56.1 2808 1 0 0 0 0 0 0 0 0 1 0 0 0 0 121 0 0 0 0 0 1 0 0 3.54 3.07 9 160 5500 19 26 18150 0 0 0 0 0 1
103 0 0 0 0 0 0 0 0 0 0 0 0 0 0 0 0 0 0 0 1 0 0 1 1 0 0 0 1 0 0 0 0 1 0 104.3 188.8 67.2 56.2 3045 0 0 0 1 0 0 0 0 0 1 0 0 0 0 130 0 0 0 0 0 1 0 0 3.62 3.15 7.5 162 5100 17 22 18420 1 0 0 0 0 0
122 1 0 0 0 0 0 0 0 0 0 0 0 0 0 0 0 0 0 0 0 0 0 1 0 0 0 1 0 0 0 0 0 1 0 104.5 187.8 66.5 54.1 3151 1 0 0 0 0 0 0 0 0 0 1 0 0 0 161 0 0 0 0 0 1 0 0 3.27 3.35 9.2 156 5200 19 24 15750 0 1 0 0 0 0
93 0 0 0 0 0 0 0 0 0 0 0 0 0 0 0 0 1 0 0 0 0 0 0 1 0 0 1 0 0 0 0 0 1 0 110 190.9 70.3 58.7 3750 0 0 0 1 0 0 0 0 1 0 0 0 0 0 183 0 0 0 1 0 0 0 0 3.58 3.64 21.5 123 4350 22 25 28248 0 1 0 0 0 0
65 1 0 0 0 0 0 0 0 0 0 0 0 0 0 0 0 0 0 0 0 0 0 0 1 0 0 0 1 0 0 0 1 0 0 102.4 175.6 66.5 54.9 2480 0 0 0 1 0 0 0 0 0 1 0 0 0 0 110 0 0 0 1 0 0 0 0 3.27 3.35 22.5 73 4500 30 33 10698 0 1 0 0 0 0
93 0 0 0 0 0 0 0 0 0 0 0 0 0 0 0 0 1 0 0 0 0 0 0 1 0 0 0 1 0 0 0 0 1 0 110 190.9 70.3 56.5 3515 0 0 0 1 0 0 0 0 1 0 0 0 0 0 183 0 0 0 1 0 0 0 0 3.58 3.64 21.5 123 4350 22 25 25552 0 1 0 0 0 0
65 1 0 0 0 0 0 0 0 0 0 0 0 0 0 0 0 0 0 0 0 0 0 1 0 0 0 0 1 0 0 0 1 0 0 102.4 175.6 66.5 54.9 2326 0 0 0 1 0 0 0 0 0 1 0 0 0 0 122 0 0 0 0 0 1 0 0 3.31 3.54 8.7 92 4200 29 34 8948 0 1 0 0 0 0
104 0 1 0 0 0 0 0 0 0 0 0 0 0 0 0 0 0 0 0 0 0 0 1 0 1 0 0 0 1 0 0 1 0 0 93.1 159.1 64.2 54.1 1905 0 0 0 1 0 0 0 0 0 1 0 0 0 0 91 0 1 0 0 0 0 0 0 3.03 3.15 9 68 5000 31 38 6795 0 0 0 1 0 0
101 0 0 0 0 0 0 0 0 0 0 0 0 0 0 0 1 0 0 0 0 0 0 1 0 1 0 0 0 1 0 0 1 0 0 93.7 150 64 52.6 1837 0 0 0 1 0 0 0 0 0 1 0 0 0 0 79 1 0 0 0 0 0 0 0 2.91 3.07 10.1 60 5500 38 42 5399 0 0 0 1 0 0
128 0 0 0 0 1 0 0 0 0 0 0 0 0 0 0 0 0 0 0 0 0 0 1 0 1 0 0 0 1 0 0 1 0 0 94.5 165.6 63.8 53.3 2028 0 0 0 1 0 0 0 0 0 1 0 0 0 0 97 0 1 0 0 0 0 0 0 3.15 3.29 9.4 69 5200 31 37 7799 0 0 0 1 0 0
125 0 0 1 0 0 0 0 0 0 0 0 0 0 0 0 0 0 0 0 0 0 0 1 0 0 0 0 1 0 0 0 1 0 0 96.3 172.4 65.4 51.6 2405 0 0 0 1 0 0 0 0 0 1 0 0 0 0 122 0 1 0 0 0 0 0 0 3.35 3.46 8.5 88 5000 25 32 8189 0 0 0 1 0 0
125 0 0 1 0 0 0 0 0 0 0 0 0 0 0 0 0 0 0 0 0 0 0 1 1 0 0 0 1 0 0 0 1 0 0 96.3 172.4 65.4 51.6 2403 0 0 0 1 0 0 0 0 0 1 0 0 0 0 110 0 0 0 0 0 0 1 0 3.17 3.46 7.5 116 5500 23 30 9279 0 0 0 1 0 0
129 0 1 0 0 0 0 0 0 0 0 0 0 0 0 0 0 0 0 0 0 0 0 1 0 1 0 0 0 1 0 0 1 0 0 98.8 177.8 66.5 53.7 2385 0 0 0 1 0 0 0 0 0 1 0 0 0 0 122 0 1 0 0 0 0 0 0 3.39 3.39 8.6 84 4800 26 32 10595 0 0 0 1 0 0
148 0 0 0 1 0 0 0 0 0 0 0 0 0 0 0 0 0 0 0 0 0 0 1 0 0 0 0 0 1 0 0 1 0 0 93.7 157.3 63.8 50.6 1967 0 0 0 1 0 0 0 0 0 1 0 0 0 0 90 0 1 0 0 0 0 0 0 2.97 3.23 9.4 68 5500 31 38 6229 0 0 0 1 0 0
154 0 0 0 0 0 0 0 0 0 0 1 0 0 0 0 0 0 0 0 0 0 0 1 0 0 0 0 0 1 0 0 1 0 0 93.7 157.3 63.8 50.6 1967 0 0 0 1 0 0 0 0 0 1 0 0 0 0 90 0 1 0 0 0 0 0 0 2.97 3.23 9.4 68 5500 31 38 6229 0 0 0 1 0 0
158 0 0 0 0 0 0 0 0 0 0 0 0 0 0 1 0 0 0 0 0 0 0 1 1 0 0 0 1 0 0 0 1 0 0 105.8 192.7 71.4 55.9 3086 0 0 0 1 0 0 0 0 1 0 0 0 0 0 131 0 0 0 0 0 1 0 0 3.13 3.4 8.3 140 5500 17 20 23875 0 0 0 1 0 0
168 1 0 0 0 0 0 0 0 0 0 0 0 0 0 0 0 0 0 0 0 0 0 1 0 1 0 0 0 1 0 0 0 1 0 94.5 168.7 64 52.6 2204 0 0 0 1 0 0 0 0 0 1 0 0 0 0 98 0 1 0 0 0 0 0 0 3.19 3.03 9 70 4800 29 34 8238 0 0 0 1 0 0
161 0 0 1 0 0 0 0 0 0 0 0 0 0 0 0 0 0 0 0 0 0 0 1 1 1 0 0 0 1 0 0 1 0 0 93 157.3 63.8 50.8 2145 0 0 0 1 0 0 0 0 0 1 0 0 0 0 98 0 0 0 0 0 0 1 0 3.03 3.39 7.6 102 5500 24 30 7689 0 0 0 1 0 0
118 0 0 0 1 0 0 0 0 0 0 0 0 0 0 0 0 0 0 0 0 0 0 1 1 1 0 0 0 1 0 0 1 0 0 93.7 157.3 63.8 50.8 2128 0 0 0 1 0 0 0 0 0 1 0 0 0 0 98 0 0 0 0 0 1 0 0 3.03 3.39 7.6 102 5500 24 30 7957 0 0 0 1 0 0
158 0 0 0 0 0 0 0 0 0 0 0 0 0 0 1 0 0 0 0 0 0 0 1 0 0 0 0 1 0 0 0 1 0 0 105.8 192.7 71.4 55.7 2844 0 0 0 1 0 0 0 0 1 0 0 0 0 0 136 0 0 0 0 0 1 0 0 3.19 3.4 8.5 110 5500 19 25 17710 0 0 0 1 0 0
122 0 0 0 0 0 0 0 0 0 0 0 1 0 0 0 0 0 0 0 0 0 0 1 0 1 0 0 0 1 0 0 0 1 0 96 172.6 65.2 51.4 2734 0 0 0 1 0 0 0 0 0 1 0 0 0 0 119 0 0 0 0 0 0 0 1 3.43 3.23 9.2 90 5000 24 29 11048 0 0 0 0 1 0
168 0 0 0 0 1 0 0 0 0 0 0 0 0 0 0 0 0 0 0 0 0 0 1 0 1 1 0 0 0 0 0 1 0 0 95.1 162.4 63.8 53.3 2008 0 0 0 1 0 0 0 0 0 1 0 0 0 0 97 0 1 0 0 0 0 0 0 3.15 3.29 9.4 69 5200 31 37 8249 0 0 0 0 1 0
94 0 0 0 0 0 0 0 0 0 1 0 0 0 0 0 0 0 0 0 0 0 0 0 1 0 0 0 1 0 0 0 1 0 0 97.3 171.7 65.5 55.7 2319 0 0 0 1 0 0 0 0 0 1 0 0 0 0 97 0 0 0 1 0 0 0 0 3.01 3.4 23 68 4500 37 42 9495 0 0 0 0 1 0
83 0 0 0 0 0 0 0 0 0 0 0 0 0 1 0 0 0 0 0 0 0 0 1 0 1 0 0 0 1 0 1 0 0 0 93.3 157.3 63.8 55.7 2240 0 0 0 0 1 0 0 0 0 1 0 0 0 0 108 0 1 0 0 0 0 0 0 3.62 2.64 8.7 73 4400 26 31 7603 0 0 0 0 1 0
121 0 0 0 0 0 0 0 1 0 0 0 0 0 0 0 0 0 0 0 0 0 0 1 0 1 0 0 0 1 0 0 1 0 0 88.4 141.1 60.3 53.2 1488 0 0 1 0 0 0 0 0 0 0 0 1 0 0 61 0 1 0 0 0 0 0 0 2.91 3.03 9.5 48 5100 47 53 5151 0 0 0 0 1 0
134 1 0 0 0 0 0 0 0 0 0 0 0 0 0 0 0 0 0 0 0 0 0 1 0 1 0 0 0 1 0 0 0 1 0 98.4 176.2 65.6 52 2714 0 0 0 1 0 0 0 0 0 1 0 0 0 0 146 0 0 0 0 0 1 0 0 3.62 3.5 9.3 116 4800 24 30 11549 0 0 0 0 1 0
164 0 0 0 0 0 0 0 0 0 0 0 0 0 0 1 0 0 0 0 0 0 0 1 0 0 0 0 1 0 0 1 0 0 0 99.4 176.6 66.4 54.3 2824 0 0 0 1 0 0 0 0 1 0 0 0 0 0 136 0 0 0 0 0 1 0 0 3.19 3.4 8 115 5500 18 22 17450 0 0 0 0 1 0
104 0 0 0 0 0 0 0 0 0 0 0 0 0 0 0 0 0 0 1 0 0 0 1 0 0 0 0 1 0 0 0 1 0 0 99.1 186.6 66.5 56.1 2695 0 0 0 1 0 0 0 0 0 1 0 0 0 0 121 0 0 0 0 0 1 0 0 3.54 3.07 9.3 110 5250 21 28 12170 0 0 0 0 1 0
122 0 0 0 0 0 0 0 0 0 0 0 1 0 0 0 0 0 0 0 0 0 0 1 0 0 0 0 1 0 0 0 1 0 0 94.5 155.9 63.6 52 1909 0 0 0 1 0 0 0 0 0 1 0 0 0 0 90 0 1 0 0 0 0 0 0 3.03 3.11 9.6 70 5400 38 43 13207.129353 0 0 1 0 0 0
108 0 0 0 0 1 0 0 0 0 0 0 0 0 0 0 0 0 0 0 0 0 0 1 0 0 0 0 1 0 0 0 1 0 0 100.4 184.6 66.5 55.1 3060 0 0 0 0 0 1 0 0 0 0 1 0 0 0 181 0 0 0 0 0 1 0 0 3.43 3.27 9 152 5200 19 25 13499 0 0 1 0 0 0
81 0 0 0 0 0 0 0 1 0 0 0 0 0 0 0 0 0 0 0 0 0 0 1 0 0 0 0 1 0 0 0 1 0 0 94.5 158.8 63.6 52 1909 0 0 0 1 0 0 0 0 0 1 0 0 0 0 90 0 1 0 0 0 0 0 0 3.03 3.11 9.6 70 5400 38 43 6575 0 0 1 0 0 0
192 0 0 0 0 0 0 0 0 1 0 0 0 0 0 0 0 0 0 0 0 0 0 1 0 0 0 0 1 0 0 0 0 1 0 101.2 176.8 64.8 54.3 2395 0 0 0 1 0 0 0 0 0 1 0 0 0 0 108 0 0 0 0 0 1 0 0 3.5 2.8 8.8 101 5800 23 29 16925 0 0 1 0 0 0
122 0 0 0 0 0 0 1 0 0 0 0 0 0 0 0 0 0 0 0 0 0 0 0 1 0 0 1 0 0 0 0 0 1 0 114.2 198.9 68.4 58.7 3430 0 0 1 0 0 0 0 0 0 1 0 0 0 0 152 0 0 0 1 0 0 0 0 3.7 3.52 21 95 4150 25 25 13860 0 0 1 0 0 0
122 0 1 0 0 0 0 0 0 0 0 0 0 0 0 0 0 0 0 0 0 0 0 0 0 0 0 0 1 0 0 0 1 0 0 98.8 177.8 66.5 55.5 2443 0 0 0 1 0 0 0 0 0 1 0 0 0 0 122 0 0 0 1 0 0 0 0 3.39 3.39 22.7 64 4650 36 42 10795 0 0 1 0 0 0
122 0 0 0 0 0 0 0 0 0 0 0 0 0 0 1 0 0 0 0 0 0 0 1 1 1 0 0 0 1 0 1 0 0 0 99.5 178.2 67.9 52 3053 0 0 0 1 0 0 0 0 1 0 0 0 0 0 131 0 0 0 0 0 1 0 0 3.13 3.4 7 160 5500 16 22 13207.129353 0 0 1 0 0 0
161 0 0 0 0 0 0 1 0 0 0 0 0 0 0 0 0 0 0 0 0 0 0 0 1 0 0 0 1 0 0 0 0 1 0 107.9 186.7 68.4 56.7 3252 0 0 1 0 0 0 0 0 0 1 0 0 0 0 152 0 0 0 1 0 0 0 0 3.7 3.52 21 95 4150 28 33 17950 0 0 1 0 0 0
85 0 0 0 0 0 0 0 0 0 0 0 0 0 0 0 1 0 0 0 0 0 0 1 0 0 0 0 1 0 0 0 1 0 0 96.5 175.4 65.2 54.1 2465 0 0 0 1 0 0 0 0 0 1 0 0 0 0 110 0 0 0 0 0 1 0 0 3.15 3.58 9 101 5800 24 28 12945 0 0 1 0 0 0
122 0 0 0 0 0 0 0 0 0 0 0 0 0 0 0 0 0 1 0 0 0 0 1 0 0 0 1 0 0 0 0 1 0 0 96.1 181.5 66.5 55.2 2579 0 0 0 1 0 0 0 0 0 1 0 0 0 0 132 0 0 0 0 0 1 0 0 3.46 3.9 8.7 104.256158 5125.369458 23 31 9295 0 0 1 0 0 0
122 0 0 0 0 0 0 1 0 0 0 0 0 0 0 0 0 0 0 0 0 0 0 0 1 0 0 1 0 0 0 0 0 1 0 114.2 198.9 68.4 58.7 3485 0 0 1 0 0 0 0 0 0 1 0 0 0 0 152 0 0 0 1 0 0 0 0 3.7 3.52 21 95 4150 25 25 17075 0 0 1 0 0 0
85 0 0 0 0 0 0 0 0 0 0 0 0 0 0 0 1 0 0 0 0 0 0 1 0 0 0 0 1 0 0 0 1 0 0 96.5 175.4 62.5 54.1 2372 0 0 0 1 0 0 0 0 0 1 0 0 0 0 110 1 0 0 0 0 0 0 0 3.15 3.58 9 86 5800 27 33 10295 0 0 1 0 0 0
122 0 0 0 0 0 0 0 0 0 1 0 0 0 0 0 0 0 0 0 0 0 0 0 1 0 0 0 1 0 0 0 1 0 0 100.4 180.2 66.9 55.1 2579 0 0 0 1 0 0 0 0 0 1 0 0 0 0 97 0 0 0 1 0 0 0 0 3.01 3.4 23 68 4500 33 38 13845 0 0 1 0 0 0
122 0 0 0 0 0 0 0 0 1 0 0 0 0 0 0 0 0 0 0 0 0 0 1 0 0 0 0 1 0 0 0 0 1 0 110 197 70.9 56.3 3505 0 0 0 1 0 0 0 0 0 0 1 0 0 0 209 0 0 0 0 0 1 0 0 3.62 3.39 8 182 5400 15 20 36880 0 0 1 0 0 0
122 0 0 0 0 0 0 1 0 0 0 0 0 0 0 0 0 0 0 0 0 0 0 1 0 0 0 1 0 0 0 0 0 1 0 114.2 198.9 68.4 58.7 3230 0 0 1 0 0 0 0 0 0 1 0 0 0 0 120 0 0 0 0 0 1 0 0 3.46 3.19 8.4 97 5000 19 24 12440 0 0 1 0 0 0
106 0 0 0 0 0 0 0 0 0 0 0 0 0 0 0 1 0 0 0 0 0 0 1 0 1 0 0 0 1 0 0 1 0 0 96.5 167.5 65.2 53.3 2289 0 0 0 1 0 0 0 0 0 1 0 0 0 0 110 1 0 0 0 0 0 0 0 3.15 3.58 9 86 5800 27 33 9095 0 0 1 0 0 0
85 0 0 0 0 0 0 0 0 0 0 0 0 0 1 0 0 0 0 0 0 0 0 1 1 0 0 1 0 0 0 1 0 0 0 96.9 173.6 65.4 54.9 2650 0 0 0 0 1 0 0 0 0 1 0 0 0 0 108 0 0 0 0 0 1 0 0 3.62 2.64 7.7 111 4800 23 23 11694 0 0 1 0 0 0
150 0 1 0 0 0 0 0 0 0 0 0 0 0 0 0 0 0 0 0 0 0 0 1 0 1 0 0 0 1 0 0 0 1 0 95.3 169 65.7 49.6 2500 0 0 0 0 0 0 1 0 0 0 0 0 0 1 80 0 0 0 0 0 1 0 0 3.329751 3.255423 9.4 135 6000 16 23 15645 0 0 0 0 0 1
150 0 1 0 0 0 0 0 0 0 0 0 0 0 0 0 0 0 0 0 0 0 0 1 0 1 0 0 0 1 0 0 0 1 0 95.3 169 65.7 49.6 2380 0 0 0 0 0 0 1 0 0 0 0 0 0 1 70 0 0 1 0 0 0 0 0 3.329751 3.255423 9.4 101 6000 17 23 11845 0 0 0 0 0 1
150 0 1 0 0 0 0 0 0 0 0 0 0 0 0 0 0 0 0 0 0 0 0 1 0 1 0 0 0 1 0 0 0 1 0 95.3 169 65.7 49.6 2380 0 0 0 0 0 0 1 0 0 0 0 0 0 1 70 0 0 1 0 0 0 0 0 3.329751 3.255423 9.4 101 6000 17 23 10945 0 0 0 0 0 1
122 0 0 0 0 0 0 0 0 0 1 0 0 0 0 0 0 0 0 0 0 0 0 1 0 1 0 0 0 0 1 0 1 0 0 94.5 159.3 64.2 55.6 2254 0 0 0 1 0 0 0 0 0 1 0 0 0 0 109 0 0 0 0 0 1 0 0 3.19 3.4 8.5 90 5500 24 29 11595 0 0 0 0 0 1
153 0 0 1 0 0 0 0 0 0 0 0 0 0 0 0 0 0 0 0 0 0 0 1 1 1 0 0 0 1 0 0 1 0 0 96.3 173 65.4 49.4 2370 0 0 0 1 0 0 0 0 0 1 0 0 0 0 110 0 0 0 0 0 0 1 0 3.17 3.46 7.5 116 5500 23 30 9959 0 0 0 0 0 1
122 0 0 1 0 0 0 0 0 0 0 0 0 0 0 0 0 0 0 0 0 0 0 1 1 1 0 0 0 1 0 0 1 0 0 95.9 173.2 66.3 50.2 2921 0 0 0 1 0 0 0 0 0 1 0 0 0 0 156 0 0 0 0 0 0 1 0 3.59 3.86 7 145 5000 19 24 14869 0 0 0 0 0 1
122 0 0 0 0 0 0 0 0 0 0 0 0 0 0 0 0 0 0 0 0 0 1 1 0 1 0 0 0 0 1 0 0 1 1 89.5 168.9 65 51.6 2800 0 0 0 0 1 0 0 0 0 0 1 0 0 0 194 0 0 0 0 0 1 0 0 3.74 2.9 9.5 207 5900 17 25 37028 0 0 0 0 0 1
103 0 0 0 0 0 0 0 0 0 0 0 0 0 0 0 0 0 0 0 1 0 0 1 0 0 0 0 1 0 0 0 0 1 0 104.3 188.8 67.2 56.2 2935 0 0 0 1 0 0 0 0 0 1 0 0 0 0 141 0 0 0 0 0 1 0 0 3.78 3.15 9.5 114 5400 24 28 15985 1 0 0 0 0 0
137 0 0 1 0 0 0 0 0 0 0 0 0 0 0 0 0 0 0 0 0 0 0 1 0 0 0 0 1 0 0 0 1 0 0 96.3 172.4 65.4 51.6 2403 0 0 0 1 0 0 0 0 0 1 0 0 0 0 110 0 0 0 0 0 0 1 0 3.17 3.46 7.5 116 5500 23 30 9279 0 1 0 0 0 0
74 0 0 0 0 0 0 0 0 0 0 1 0 0 0 0 0 0 0 0 0 0 0 1 0 0 0 1 0 0 0 0 1 0 0 103.3 174.6 64.6 59.8 2535 0 0 0 1 0 0 0 0 0 1 0 0 0 0 122 0 1 0 0 0 0 0 0 3.35 3.46 8.5 88 5000 24 30 8921 0 1 0 0 0 0
74 0 0 0 0 0 0 0 0 0 0 0 0 0 0 0 0 0 0 0 1 0 0 1 0 0 0 1 0 0 0 0 0 1 0 104.3 188.8 67.2 57.5 3034 0 0 0 1 0 0 0 0 0 1 0 0 0 0 141 0 0 0 0 0 1 0 0 3.78 3.15 9.5 114 5400 23 28 13415 0 1 0 0 0 0
65 1 0 0 0 0 0 0 0 0 0 0 0 0 0 0 0 0 0 0 0 0 0 1 0 0 0 0 0 1 0 0 1 0 0 102.4 175.6 66.5 53.9 2414 0 0 0 1 0 0 0 0 0 1 0 0 0 0 122 0 0 0 0 0 1 0 0 3.31 3.54 8.7 92 4200 27 32 9988 0 1 0 0 0 0
110 0 0 0 1 0 0 0 0 0 0 0 0 0 0 0 0 0 0 0 0 0 0 1 0 0 0 1 0 0 0 0 1 0 0 103.3 174.6 64.6 59.8 2535 0 0 0 1 0 0 0 0 0 1 0 0 0 0 122 0 1 0 0 0 0 0 0 3.34 3.46 8.5 88 5000 24 30 8921 0 1 0 0 0 0
122 0 0 0 0 0 0 0 0 1 0 0 0 0 0 0 0 0 0 0 0 0 0 1 0 0 0 0 1 0 0 0 0 1 0 103.5 189 66.9 55.7 3055 0 0 0 1 0 0 0 0 0 0 1 0 0 0 164 0 0 0 0 0 1 0 0 3.31 3.19 9 121 4250 20 25 24565 0 0 0 1 0 0
119 0 0 0 0 0 0 0 0 0 0 1 0 0 0 0 0 0 0 0 0 0 0 1 0 1 0 0 0 1 0 0 1 0 0 93.7 157.3 63.8 50.8 1918 0 0 0 1 0 0 0 0 0 1 0 0 0 0 90 0 1 0 0 0 0 0 0 2.97 3.23 9.4 68 5500 37 41 5572 0 0 0 1 0 0
104 0 1 0 0 0 0 0 0 0 0 0 0 0 0 0 0 0 0 0 0 0 0 1 0 1 0 0 0 1 0 0 1 0 0 93.1 159.1 64.2 54.1 1900 0 0 0 1 0 0 0 0 0 1 0 0 0 0 91 0 1 0 0 0 0 0 0 3.03 3.15 9 68 5000 31 38 6095 0 0 0 1 0 0
148 0 0 0 1 0 0 0 0 0 0 0 0 0 0 0 0 0 0 0 0 0 0 1 0 0 0 0 1 0 0 0 1 0 0 93.7 157.3 63.8 50.6 1989 0 0 0 1 0 0 0 0 0 1 0 0 0 0 90 0 1 0 0 0 0 0 0 2.97 3.23 9.4 68 5500 31 38 6692 0 0 0 1 0 0
107 0 0 0 0 0 0 0 0 0 0 0 0 0 0 0 1 0 0 0 0 0 0 1 0 1 0 0 1 0 0 0 1 0 0 96.5 169.1 66 51 2293 0 0 0 1 0 0 0 0 0 1 0 0 0 0 110 0 1 0 0 0 0 0 0 3.15 3.58 9.1 100 5500 25 31 10345 0 0 0 1 0 0
168 1 0 0 0 0 0 0 0 0 0 0 0 0 0 0 0 0 0 0 0 0 0 1 0 1 0 0 1 0 0 0 0 1 0 94.5 168.7 64 52.6 2265 1 0 0 0 0 0 0 0 0 1 0 0 0 0 98 0 0 0 0 0 1 0 0 3.24 3.08 9.4 112 6600 26 29 9298 0 0 0 1 0 0
119 0 0 0 0 0 0 0 0 0 0 1 0 0 0 0 0 0 0 0 0 0 0 1 1 1 0 0 0 1 0 0 1 0 0 93.7 157.3 63.8 50.8 2128 0 0 0 1 0 0 0 0 0 1 0 0 0 0 98 0 0 0 0 0 0 1 0 3.03 3.39 7.6 102 5500 24 30 7957 0 0 0 1 0 0
113 0 1 0 0 0 0 0 0 0 0 0 0 0 0 0 0 0 0 0 0 0 0 1 0 0 0 0 1 0 0 0 1 0 0 93.1 166.8 64.2 54.1 1950 0 0 0 1 0 0 0 0 0 1 0 0 0 0 91 0 1 0 0 0 0 0 0 3.08 3.15 9 68 5000 31 38 7395 0 0 0 1 0 0
128 0 0 0 0 1 0 0 0 0 0 0 0 0 0 0 0 0 0 0 0 0 0 1 0 1 0 0 1 0 0 0 1 0 0 94.5 165.3 63.8 54.5 1889 0 0 0 1 0 0 0 0 0 1 0 0 0 0 97 0 1 0 0 0 0 0 0 3.15 3.29 9.4 69 5200 31 37 5499 0 0 0 1 0 0
154 0 0 0 0 0 0 0 0 0 0 1 0 0 0 0 0 0 0 0 0 0 0 1 0 0 0 0 1 0 0 0 1 0 0 93.7 167.3 63.8 50.8 1989 0 0 0 1 0 0 0 0 0 1 0 0 0 0 90 0 1 0 0 0 0 0 0 2.97 3.23 9.4 68 5500 31 38 6692 0 0 0 1 0 0
87 1 0 0 0 0 0 0 0 0 0 0 0 0 0 0 0 0 0 0 0 0 0 1 0 1 0 0 0 1 0 0 1 0 0 95.7 158.7 63.6 54.5 2040 0 0 0 1 0 0 0 0 0 1 0 0 0 0 92 0 1 0 0 0 0 0 0 3.05 3.03 9 62 4800 31 38 6338 0 0 0 1 0 0
122 0 0 0 0 0 0 0 0 0 0 0 1 0 0 0 0 0 0 0 0 0 0 1 0 1 0 0 1 0 0 0 1 0 0 94.5 155.9 63.6 52 1874 0 0 0 1 0 0 0 0 0 1 0 0 0 0 90 0 1 0 0 0 0 0 0 3.03 3.11 9.6 70 5400 38 43 13207.129353 0 0 0 1 0 0
87 1 0 0 0 0 0 0 0 0 0 0 0 0 0 0 0 0 0 0 0 0 0 1 0 1 0 0 0 1 0 0 1 0 0 95.7 158.7 63.6 54.5 1985 0 0 0 1 0 0 0 0 0 1 0 0 0 0 92 0 1 0 0 0 0 0 0 3.05 3.03 9 62 4800 35 39 5348 0 0 0 1 0 0
161 0 0 1 0 0 0 0 0 0 0 0 0 0 0 0 0 0 0 0 0 0 0 1 0 1 0 0 0 1 0 0 1 0 0 93.7 157.3 64.4 50.8 1944 0 0 0 1 0 0 0 0 0 1 0 0 0 0 92 0 1 0 0 0 0 0 0 2.97 3.23 9.4 68 5500 31 38 6189 0 0 0 0 1 0
137 0 0 0 0 0 0 0 0 0 0 0 0 0 0 0 1 0 0 0 0 0 0 1 0 1 0 0 0 1 0 0 1 0 0 86.6 144.6 63.9 50.8 1713 0 0 0 1 0 0 0 0 0 1 0 0 0 0 92 1 0 0 0 0 0 0 0 2.91 3.41 9.6 58 4800 49 54 6479 0 0 0 0 1 0
83 0 0 0 0 0 0 0 0 0 0 0 0 0 1 0 0 0 0 0 0 0 0 1 0 1 0 0 0 1 0 0 1 0 0 93.7 156.9 63.4 53.7 2050 0 0 0 0 1 0 0 0 0 1 0 0 0 0 97 0 1 0 0 0 0 0 0 3.62 2.36 9 69 4900 31 36 5118 0 0 0 0 1 0
104 0 0 0 0 0 0 0 0 0 0 0 0 0 0 0 0 0 0 1 0 0 0 1 1 0 0 0 1 0 0 0 1 0 0 99.1 186.6 66.5 56.1 2847 1 0 0 0 0 0 0 0 0 1 0 0 0 0 121 0 0 0 0 0 1 0 0 3.54 3.07 9 160 5500 19 26 18620 0 0 0 0 1 0
161 0 0 1 0 0 0 0 0 0 0 0 0 0 0 0 0 0 0 0 0 0 0 1 0 1 0 0 0 1 0 0 1 0 0 93.7 157.3 64.4 50.8 1918 0 0 0 1 0 0 0 0 0 1 0 0 0 0 92 0 1 0 0 0 0 0 0 2.97 3.23 9.4 68 5500 37 41 5389 0 0 0 0 1 0
134 1 0 0 0 0 0 0 0 0 0 0 0 0 0 0 0 0 0 0 0 0 0 1 0 1 1 0 0 0 0 0 0 1 0 98.4 176.2 65.6 52 2536 0 0 0 1 0 0 0 0 0 1 0 0 0 0 146 0 0 0 0 0 1 0 0 3.62 3.5 9.3 116 4800 24 30 9639 0 0 0 0 1 0
122 0 0 0 0 0 0 0 0 0 1 0 0 0 0 0 0 0 0 0 0 0 0 0 0 1 0 0 1 0 0 0 1 0 0 97.3 171.7 65.5 55.7 2261 0 0 0 1 0 0 0 0 0 1 0 0 0 0 97 0 0 0 1 0 0 0 0 3.01 3.4 23 52 4800 37 46 7775 0 0 0 0 1 0
134 1 0 0 0 0 0 0 0 0 0 0 0 0 0 0 0 0 0 0 0 0 0 1 0 1 1 0 0 0 0 0 0 1 0 98.4 176.2 65.6 52 2679 0 0 0 1 0 0 0 0 0 1 0 0 0 0 146 0 0 0 0 0 1 0 0 3.62 3.5 9.3 116 4800 24 30 11199 0 0 0 0 1 0
118 0 1 0 0 0 0 0 0 0 0 0 0 0 0 0 0 0 0 0 0 0 0 1 0 0 0 0 1 0 0 0 0 1 0 104.9 175 66.1 54.4 2670 0 0 0 1 0 0 0 0 0 1 0 0 0 0 140 0 0 0 0 0 1 0 0 3.76 3.16 8 120 5000 19 27 18280 0 0 1 0 0 0
89 0 0 0 0 0 0 0 0 0 0 0 0 0 1 0 0 0 0 0 0 0 0 1 0 0 0 1 0 0 0 0 1 0 0 97 173.5 65.4 53 2290 0 0 0 0 1 0 0 0 0 1 0 0 0 0 108 0 1 0 0 0 0 0 0 3.62 2.64 9 82 4800 28 32 7463 0 0 1 0 0 0
122 0 0 0 0 0 0 0 0 0 0 0 1 0 0 0 0 0 0 0 0 0 0 1 0 0 0 0 1 0 0 0 0 1 0 94.3 170.7 61.8 53.5 2337 0 0 0 1 0 0 0 0 0 1 0 0 0 0 111 0 1 0 0 0 0 0 0 3.31 3.23 8.5 78 4800 24 29 6785 0 0 1 0 0 0
91 1 0 0 0 0 0 0 0 0 0 0 0 0 0 0 0 0 0 0 0 0 0 1 0 0 0 0 1 0 0 0 1 0 0 95.7 166.3 64.4 53 2081 0 0 0 1 0 0 0 0 0 1 0 0 0 0 98 0 1 0 0 0 0 0 0 3.19 3.03 9 70 4800 30 37 6938 0 0 1 0 0 0
91 1 0 0 0 0 0 0 0 0 0 0 0 0 0 0 0 0 0 0 0 0 0 1 0 0 0 1 0 0 0 1 0 0 0 95.7 169.7 63.6 59.1 3110 0 0 0 1 0 0 0 0 0 1 0 0 0 0 92 0 1 0 0 0 0 0 0 3.05 3.03 9 62 4800 27 32 8778 0 0 1 0 0 0
161 0 0 0 0 0 0 1 0 0 0 0 0 0 0 0 0 0 0 0 0 0 0 1 1 0 0 0 1 0 0 0 0 1 0 108 186.7 68.3 56 3130 0 0 1 0 0 0 0 0 0 1 0 0 0 0 134 0 0 0 0 0 1 0 0 3.61 3.21 7 142 5600 18 24 18150 0 0 1 0 0 0
115 0 1 0 0 0 0 0 0 0 0 0 0 0 0 0 0 0 0 0 0 0 0 1 0 0 0 0 1 0 0 0 1 0 0 98.8 177.8 66.5 55.5 2410 0 0 0 1 0 0 0 0 0 1 0 0 0 0 122 0 1 0 0 0 0 0 0 3.39 3.39 8.6 84 4800 26 32 8495 0 0 1 0 0 0
110 0 0 0 0 0 0 0 0 0 0 0 0 0 0 0 1 0 0 0 0 0 0 1 0 0 0 0 1 0 0 0 1 0 0 96.5 163.4 64 54.5 2010 0 0 0 1 0 0 0 0 0 1 0 0 0 0 92 1 0 0 0 0 0 0 0 2.91 3.41 9.2 76 6000 30 34 7295 0 0 1 0 0 0
91 1 0 0 0 0 0 0 0 0 0 0 0 0 0 0 0 0 0 0 0 0 0 1 0 0 0 0 1 0 0 0 1 0 0 95.7 166.3 64.4 52.8 2140 0 0 0 1 0 0 0 0 0 1 0 0 0 0 98 0 1 0 0 0 0 0 0 3.19 3.03 9 70 4800 28 34 9258 0 0 1 0 0 0
161 0 0 0 0 0 0 1 0 0 0 0 0 0 0 0 0 0 0 0 0 0 0 0 1 0 0 0 1 0 0 0 0 1 0 107.9 186.7 68.4 56.7 3252 0 0 1 0 0 0 0 0 0 1 0 0 0 0 152 0 0 0 1 0 0 0 0 3.7 3.52 21 95 4150 28 33 16900 0 0 1 0 0 0
91 1 0 0 0 0 0 0 0 0 0 0 0 0 0 0 0 0 0 0 0 0 0 1 0 0 0 0 0 1 0 0 1 0 0 95.7 166.3 64.4 52.8 2122 0 0 0 1 0 0 0 0 0 1 0 0 0 0 98 0 1 0 0 0 0 0 0 3.19 3.03 9 70 4800 28 34 8358 0 0 1 0 0 0
128 0 0 0 0 1 0 0 0 0 0 0 0 0 0 0 0 0 0 0 0 0 0 1 0 0 0 0 1 0 0 0 1 0 0 100.4 181.7 66.5 55.1 3095 0 0 0 0 0 1 0 0 0 0 1 0 0 0 181 0 0 0 0 0 1 0 0 3.43 3.27 9 152 5200 17 22 13499 0 0 1 0 0 0
161 0 0 0 0 0 0 1 0 0 0 0 0 0 0 0 0 0 0 0 0 0 0 1 0 0 0 0 1 0 0 0 0 1 0 107.9 186.7 68.4 56.7 3075 0 0 1 0 0 0 0 0 0 1 0 0 0 0 120 0 0 0 0 0 1 0 0 3.46 2.19 8.4 95 5000 19 24 15580 0 0 1 0 0 0
91 1 0 0 0 0 0 0 0 0 0 0 0 0 0 0 0 0 0 0 0 0 0 0 0 0 0 0 1 0 0 0 1 0 0 95.7 166.3 64.4 53 2275 0 0 0 1 0 0 0 0 0 1 0 0 0 0 110 0 0 0 1 0 0 0 0 3.27 3.35 22.5 56 4500 34 36 7898 0 0 1 0 0 0
102 0 0 0 0 0 0 0 0 0 0 0 0 0 1 0 0 0 0 0 0 0 0 1 0 0 0 0 1 0 0 0 1 0 0 97.2 172 65.4 52.5 2340 0 0 0 0 1 0 0 0 0 1 0 0 0 0 108 0 0 0 0 0 1 0 0 3.62 2.64 9 94 5200 26 32 9960 0 0 1 0 0 0
91 1 0 0 0 0 0 0 0 0 0 0 0 0 0 0 0 0 0 0 0 0 0 1 0 0 0 0 1 0 0 0 1 0 0 95.7 166.3 64.4 53 2094 0 0 0 1 0 0 0 0 0 1 0 0 0 0 98 0 1 0 0 0 0 0 0 3.19 3.03 9 70 4800 38 47 7738 0 0 1 0 0 0
85 0 0 0 0 0 0 0 0 0 0 0 0 0 1 0 0 0 0 0 0 0 0 1 0 0 0 1 0 0 0 1 0 0 0 96.9 173.6 65.4 54.9 2420 0 0 0 0 1 0 0 0 0 1 0 0 0 0 108 0 1 0 0 0 0 0 0 3.62 2.64 9 82 4800 23 29 8013 0 0 1 0 0 0
197 1 0 0 0 0 0 0 0 0 0 0 0 0 0 0 0 0 0 0 0 0 0 1 0 1 0 0 0 1 0 0 0 1 0 102.9 183.5 67.7 52 3016 1 0 0 0 0 0 0 0 0 0 1 0 0 0 171 0 0 0 0 0 1 0 0 3.27 3.35 9.3 161 5200 19 24 15998 0 0 0 0 0 1
256 0 0 0 0 0 0 0 0 0 1 0 0 0 0 0 0 0 0 0 0 0 0 1 0 1 0 0 0 1 0 0 1 0 0 94.5 165.7 64 51.4 2221 0 0 0 1 0 0 0 0 0 1 0 0 0 0 109 0 0 0 0 0 1 0 0 3.19 3.4 8.5 90 5500 24 29 9980 0 0 0 0 0 1
145 0 0 0 1 0 0 0 0 0 0 0 0 0 0 0 0 0 0 0 0 0 0 1 1 1 0 0 0 1 0 0 1 0 0 95.9 173.2 66.3 50.2 2811 0 0 0 1 0 0 0 0 0 1 0 0 0 0 156 0 0 0 0 1 0 0 0 3.6 3.9 7 145 5000 19 24 12964 0 0 0 0 0 1
122 0 0 0 0 0 0 0 0 0 0 1 0 0 0 0 0 0 0 0 0 0 0 1 1 1 0 0 0 1 0 0 0 1 0 95.9 173.2 66.3 50.2 2818 0 0 0 1 0 0 0 0 0 1 0 0 0 0 156 0 0 0 0 0 0 1 0 3.59 3.86 7 145 5000 19 24 12764 0 0 0 0 0 1
197 1 0 0 0 0 0 0 0 0 0 0 0 0 0 0 0 0 0 0 0 0 0 1 0 1 0 0 0 1 0 0 0 1 0 102.9 183.5 67.7 52 2976 1 0 0 0 0 0 0 0 0 0 1 0 0 0 171 0 0 0 0 0 1 0 0 3.27 3.35 9.3 161 5200 20 24 16558 0 0 0 0 0 1
150 0 0 0 0 0 0 0 0 0 0 0 0 0 0 0 0 0 0 1 0 0 0 1 0 1 0 0 0 1 0 0 1 0 0 99.1 186.6 66.5 56.1 2658 0 0 0 1 0 0 0 0 0 1 0 0 0 0 121 0 0 0 0 0 1 0 0 3.54 3.07 9.31 110 5250 21 28 11850 0 0 0 0 0 1
122 0 0 0 0 0 0 0 0 0 0 0 0 0 0 0 0 0 0 0 0 0 1 1 0 1 1 0 0 0 0 0 0 1 1 89.5 168.9 65 51.6 2756 0 0 0 0 1 0 0 0 0 0 1 0 0 0 194 0 0 0 0 0 1 0 0 3.74 2.9 9.5 207 5900 17 25 32528 0 0 0 0 0 1
95 0 0 0 0 0 0 0 0 0 0 0 0 0 0 0 0 0 0 0 1 0 0 1 1 0 0 0 1 0 0 0 0 1 0 109.1 188.8 68.8 55.5 3049 0 0 0 1 0 0 0 0 0 1 0 0 0 0 141 0 0 0 0 0 1 0 0 3.78 3.15 8.7 160 5300 19 25 19045 0 1 0 0 0 0
95 0 0 0 0 0 0 0 0 0 0 0 0 0 0 0 0 0 0 0 1 0 0 1 0 0 0 0 1 0 0 0 0 1 0 109.1 188.8 68.9 55.5 2952 0 0 0 1 0 0 0 0 0 1 0 0 0 0 141 0 0 0 0 0 1 0 0 3.78 3.15 9.5 114 5400 23 28 16845 0 1 0 0 0 0
90 1 0 0 0 0 0 0 0 0 0 0 0 0 0 0 0 0 0 0 0 0 0 1 0 0 0 0 1 0 0 0 0 1 0 104.5 187.8 66.5 54.1 3131 1 0 0 0 0 0 0 0 0 0 1 0 0 0 171 0 0 0 0 0 1 0 0 3.27 3.35 9.2 156 5200 20 24 15690 0 1 0 0 0 0
95 0 0 0 0 0 0 0 0 0 0 0 0 0 0 0 0 0 0 0 1 0 0 1 1 0 0 0 1 0 0 0 0 1 0 109.1 188.8 68.9 55.5 3062 0 0 0 1 0 0 0 0 0 1 0 0 0 0 141 0 0 0 0 0 1 0 0 3.78 3.15 9.5 114 5400 19 25 22625 0 1 0 0 0 0
65 1 0 0 0 0 0 0 0 0 0 0 0 0 0 0 0 0 0 0 0 0 0 1 0 0 0 0 1 0 0 0 1 0 0 102.4 175.6 66.5 54.9 2414 0 0 0 1 0 0 0 0 0 1 0 0 0 0 122 0 0 0 0 0 1 0 0 3.31 3.54 8.7 92 4200 27 32 10898 0 1 0 0 0 0
65 1 0 0 0 0 0 0 0 0 0 0 0 0 0 0 0 0 0 0 0 0 0 1 0 0 0 0 0 1 0 0 1 0 0 102.4 175.6 66.5 53.9 2458 0 0 0 1 0 0 0 0 0 1 0 0 0 0 122 0 0 0 0 0 1 0 0 3.31 3.54 8.7 92 4200 27 32 11248 0 1 0 0 0 0
