1.0 0.0 0.0 0.0 0.0 0.0 1.0 0.0 0.0 0.0 0.0 0.0 0.0 0.0 0.0 0.0 1.0 0.0 0.0 0.0 0.0 0.0 0.0 0.0 0.0 0.0 0.0 0.0 0.0 0.0 2300.0 2218.0 10.8 27.2 13.7 24.2 953.0 542.0 14.12 8.62 7.83 46.35 62.8 16.46 119.41 787.9 895.4 537.0 270.9 1023.0 738.0 1
1.0 0.0 0.0 0.0 0.0 1.0 0.0 0.0 0.0 0.0 0.0 0.0 0.0 0.0 0.0 1.0 0.0 0.0 0.0 0.0 0.0 0.0 0.0 0.0 0.0 0.0 0.0 0.0 0.0 0.0 1614.0 1539.0 9.9 22.9 13.4 25.8 891.0 461.0 15.17 14.77 12.3 37.35 64.42 27.07 72.82 832.3 875.1 644.1 163.2 1087.0 531.0 1
1.0 0.0 0.0 1.0 0.0 0.0 0.0 0.0 0.0 1.0 0.0 0.0 0.0 0.0 0.0 0.0 0.0 0.0 0.0 0.0 0.0 0.0 0.0 0.0 0.0 0.0 0.0 0.0 0.0 0.0 1667.0 1590.0 8.4 21.6 11.3 19.9 651.0 262.0 7.12 20.24 18.36 22.38 60.98 38.6 85.1 823.6 817.8 670.9 308.4 721.0 458.0 1
0.0 0.0 1.0 0.0 0.0 0.0 0.0 1.0 0.0 0.0 0.0 0.0 0.0 0.0 1.0 0.0 0.0 0.0 0.0 0.0 0.0 0.0 0.0 0.0 0.0 0.0 0.0 0.0 0.0 0.0 1374.0 1217.0 9.1 23.6 13.4 27.3 709.0 368.0 14.87 10.62 9.58 40.9 61.1 20.2 62.54 854.6 871.6 547.1 123.2 905.0 564.0 1
0.0 1.0 0.0 0.0 1.0 0.0 0.0 0.0 0.0 0.0 0.0 0.0 0.0 0.0 0.0 0.0 0.0 0.0 0.0 0.0 0.0 0.0 0.0 1.0 0.0 0.0 0.0 0.0 0.0 0.0 2863.0 2607.0 8.6 23.8 12.4 17.0 664.0 323.0 4.59 17.06 15.95 26.82 59.83 33.01 101.63 844.5 757.0 418.6 186.5 860.0 519.0 1
1.0 0.0 0.0 0.0 1.0 0.0 0.0 0.0 0.0 0.0 0.0 0.0 1.0 0.0 0.0 0.0 0.0 0.0 0.0 0.0 0.0 0.0 0.0 0.0 0.0 0.0 0.0 0.0 0.0 0.0 1709.0 1596.0 8.9 22.1 11.3 20.7 772.0 372.0 8.18 16.97 15.16 26.87 59.01 32.13 71.83 768.3 899.4 637.7 316.0 968.0 568.0 1
0.0 0.0 1.0 0.0 1.0 0.0 0.0 0.0 0.0 0.0 0.0 0.0 0.0 0.0 0.0 0.0 0.0 0.0 1.0 0.0 0.0 0.0 0.0 0.0 0.0 0.0 0.0 0.0 0.0 0.0 1503.0 1390.0 6.5 20.8 11.3 24.6 626.0 240.0 5.49 20.84 18.53 19.22 58.59 39.37 58.45 319.6 415.8 272.1 201.2 822.0 436.0 1
0.0 1.0 0.0 0.0 0.0 1.0 0.0 0.0 0.0 0.0 0.0 0.0 0.0 0.0 0.0 0.0 0.0 0.0 0.0 0.0 0.0 0.0 0.0 0.0 1.0 0.0 0.0 0.0 0.0 0.0 2237.0 2052.0 10.2 20.4 11.8 19.6 727.0 376.0 11.53 13.59 12.93 33.09 59.61 26.52 66.91 617.3 781.6 434.4 68.2 923.0 572.0 1
1.0 0.0 0.0 0.0 0.0 0.0 1.0 0.0 0.0 0.0 0.0 0.0 0.0 0.0 0.0 0.0 0.0 0.0 1.0 0.0 0.0 0.0 0.0 0.0 0.0 0.0 0.0 0.0 0.0 0.0 1600.0 1615.0 11.0 19.2 11.9 29.0 953.0 542.0 16.89 17.38 13.19 33.24 63.8 30.57 54.14 909.5 893.0 945.6 557.7 1023.0 738.0 1
0.0 1.0 0.0 0.0 0.0 0.0 1.0 0.0 0.0 0.0 0.0 0.0 0.0 0.0 0.0 0.0 0.0 0.0 0.0 0.0 1.0 0.0 0.0 0.0 0.0 0.0 0.0 0.0 0.0 0.0 2425.0 2213.0 9.6 26.2 15.1 20.2 804.0 438.0 11.4 4.69 4.74 43.78 53.21 9.43 112.14 893.0 971.5 440.3 153.6 1000.0 634.0 1
0.0 1.0 0.0 0.0 0.0 0.0 1.0 0.0 0.0 0.0 0.0 0.0 0.0 0.0 0.0 0.0 1.0 0.0 0.0 0.0 0.0 0.0 0.0 0.0 0.0 0.0 0.0 0.0 0.0 0.0 2872.0 2552.0 9.6 27.8 14.5 22.8 804.0 438.0 8.178039 11.29 10.56 39.95 61.8 21.85 104.25 955.8 972.4 564.3 92.4 1000.0 634.0 1
0.0 0.0 1.0 0.0 0.0 0.0 0.0 1.0 0.0 0.0 0.0 0.0 0.0 0.0 0.0 0.0 0.0 0.0 0.0 0.0 0.0 0.0 0.0 0.0 0.0 0.0 0.0 0.0 0.0 1.0 1478.0 1354.0 8.9 22.2 12.8 24.5 709.0 368.0 15.46 12.34 11.17 37.14 60.65 23.51 85.47 903.3 861.5 796.6 106.2 905.0 564.0 1
1.0 0.0 0.0 1.0 0.0 0.0 0.0 0.0 1.0 0.0 0.0 0.0 0.0 0.0 0.0 0.0 0.0 0.0 0.0 0.0 0.0 0.0 0.0 0.0 0.0 0.0 0.0 0.0 0.0 0.0 1815.0 1717.0 8.3 22.3 10.6 22.5 651.0 262.0 7.71 18.93 18.71 20.0 57.65 37.64 92.77 667.0 748.6 610.1 376.9 847.0 458.0 1
0.0 1.0 0.0 0.0 0.0 0.0 1.0 0.0 0.0 0.0 0.0 0.0 1.0 0.0 0.0 0.0 0.0 0.0 0.0 0.0 0.0 0.0 0.0 0.0 0.0 0.0 0.0 0.0 0.0 0.0 2118.0 1842.0 8.9 28.1 15.4 19.8 804.0 438.0 18.99 4.81 4.36 43.56 52.72 9.16 123.92 855.0 1008.7 648.2 124.6 1000.0 634.0 1
0.0 0.0 1.0 0.0 0.0 0.0 0.0 1.0 0.0 0.0 0.0 0.0 0.0 0.0 0.0 0.0 1.0 0.0 0.0 0.0 0.0 0.0 0.0 0.0 0.0 0.0 0.0 0.0 0.0 0.0 1743.0 1549.0 9.7 22.7 13.7 25.7 709.0 368.0 12.88 13.32 11.33 36.91 61.56 24.65 40.86 853.0 934.5 631.0 109.6 905.0 564.0 1
1.0 0.0 0.0 0.0 1.0 0.0 0.0 0.0 0.0 0.0 0.0 0.0 0.0 1.0 0.0 0.0 0.0 0.0 0.0 0.0 0.0 0.0 0.0 0.0 0.0 0.0 0.0 0.0 0.0 0.0 1758.0 1663.0 8.3 23.6 11.9 24.5 772.0 372.0 9.63 16.8 15.65 30.47 62.92 32.45 90.15 871.2 848.9 605.8 296.1 968.0 568.0 1
1.0 0.0 0.0 0.0 0.0 0.0 1.0 0.0 0.0 0.0 0.0 0.0 0.0 0.0 0.0 0.0 0.0 1.0 0.0 0.0 0.0 0.0 0.0 0.0 0.0 0.0 0.0 0.0 0.0 0.0 2100.0 2093.0 9.4 20.7 12.1 24.0 953.0 542.0 14.81 14.133922 12.89902 28.021373 55.054314 27.032549 89.252549 810.1 896.8 766.9 489.1 1023.0 738.0 1
1.0 0.0 0.0 0.0 0.0 1.0 0.0 0.0 0.0 0.0 0.0 0.0 0.0 0.0 0.0 0.0 0.0 1.0 0.0 0.0 0.0 0.0 0.0 0.0 0.0 0.0 0.0 0.0 0.0 0.0 2735.0 2604.0 11.2 22.7 12.8 25.8 891.0 461.0 19.45 18.43 14.89 33.35 66.67 33.32 71.96 939.5 965.7 646.9 169.1 1087.0 657.0 1
0.0 0.0 1.0 0.0 1.0 0.0 0.0 0.0 1.0 0.0 0.0 0.0 0.0 0.0 0.0 0.0 0.0 0.0 0.0 0.0 0.0 0.0 0.0 0.0 0.0 0.0 0.0 0.0 0.0 0.0 2485.0 2287.0 7.1 27.1 11.6 17.9 626.0 240.0 3.7 10.08 9.49 25.07 44.63 19.57 103.25 362.6 453.3 270.2 144.0 822.0 436.0 2
0.0 1.0 0.0 0.0 1.0 0.0 0.0 0.0 0.0 0.0 0.0 0.0 0.0 0.0 0.0 0.0 0.0 0.0 0.0 0.0 0.0 0.0 1.0 0.0 0.0 0.0 0.0 0.0 0.0 0.0 2235.0 2061.0 7.9 23.8 12.1 16.4 664.0 323.0 9.55 7.62 7.81 32.46 47.89 15.42 102.82 570.2 735.4 483.4 178.6 860.0 519.0 2
0.0 1.0 0.0 0.0 1.0 0.0 0.0 0.0 0.0 0.0 0.0 0.0 0.0 0.0 0.0 0.0 0.0 0.0 0.0 1.0 0.0 0.0 0.0 0.0 0.0 0.0 0.0 0.0 0.0 0.0 2351.0 2161.0 8.7 25.1 12.6 17.8 664.0 323.0 7.58 15.86 15.14 34.64 65.64 31.0 104.42 662.5 761.7 350.2 163.9 860.0 519.0 2
1.0 0.0 0.0 1.0 0.0 0.0 0.0 0.0 0.0 0.0 1.0 0.0 0.0 0.0 0.0 0.0 0.0 0.0 0.0 0.0 0.0 0.0 0.0 0.0 0.0 0.0 0.0 0.0 0.0 0.0 1508.0 1437.0 7.0 19.8 11.2 20.2 651.0 262.0 10.58 20.73 19.58 18.63 58.94 40.31 70.29 740.5 837.8 693.7 331.5 847.0 458.0 2
0.0 1.0 0.0 1.0 0.0 0.0 0.0 0.0 0.0 0.0 0.0 0.0 0.0 1.0 0.0 0.0 0.0 0.0 0.0 0.0 0.0 0.0 0.0 0.0 0.0 0.0 0.0 0.0 0.0 0.0 2253.0 1977.0 5.7 15.5 9.3 10.9 601.0 272.0 5.85 11.04 10.94 8.97 30.95 21.98 44.8 564.0 700.1 946.2 296.0 797.0 468.0 2
0.0 0.0 1.0 0.0 0.0 0.0 1.0 0.0 0.0 0.0 0.0 0.0 0.0 0.0 0.0 0.0 0.0 0.0 1.0 0.0 0.0 0.0 0.0 0.0 0.0 0.0 0.0 0.0 0.0 0.0 1361.0 1259.0 6.4 22.9 11.1 23.3 704.0 309.0 7.55 13.37 13.56 25.35 52.28 26.93 113.58 605.3 654.1 432.9 151.8 900.0 505.0 2
0.0 1.0 0.0 0.0 0.0 1.0 0.0 0.0 0.0 0.0 0.0 0.0 0.0 0.0 0.0 0.0 0.0 0.0 0.0 0.0 0.0 0.0 1.0 0.0 0.0 0.0 0.0 0.0 0.0 0.0 2229.0 2011.0 9.5 22.4 12.5 19.5 727.0 376.0 15.55 6.76 6.29 38.48 51.54 13.06 76.16 512.5 721.9 531.2 94.2 923.0 572.0 2
0.0 0.0 1.0 0.0 0.0 1.0 0.0 0.0 0.0 0.0 0.0 0.0 0.0 0.0 0.0 0.0 0.0 0.0 0.0 0.0 0.0 0.0 0.0 0.0 0.0 0.0 0.0 1.0 0.0 0.0 1428.0 1278.0 9.6 24.9 11.8 19.6 667.0 296.0 6.8 16.36 15.61 22.48 54.46 31.97 121.76 850.0 901.0 665.9 89.6 863.0 492.0 2
0.0 1.0 0.0 1.0 0.0 0.0 0.0 0.0 0.0 0.0 0.0 0.0 0.0 0.0 0.0 0.0 0.0 0.0 0.0 0.0 1.0 0.0 0.0 0.0 0.0 0.0 0.0 0.0 0.0 0.0 1488.0 1333.0 6.5 13.5 8.0 11.3 601.0 272.0 -3.33 12.15 12.5 4.78 29.43 24.65 35.1 550.3 627.6 949.1 423.3 797.0 468.0 2
1.0 0.0 0.0 0.0 1.0 0.0 0.0 0.0 0.0 1.0 0.0 0.0 0.0 0.0 0.0 0.0 0.0 0.0 0.0 0.0 0.0 0.0 0.0 0.0 0.0 0.0 0.0 0.0 0.0 0.0 1611.0 1504.0 8.0 16.3 10.1 23.9 772.0 372.0 0.48 21.37 16.45 20.05 57.87 37.82 27.87 740.5 746.5 744.5 590.5 968.0 568.0 2
0.0 0.0 1.0 0.0 1.0 0.0 0.0 0.0 0.0 0.0 0.0 0.0 1.0 0.0 0.0 0.0 0.0 0.0 0.0 0.0 0.0 0.0 0.0 0.0 0.0 0.0 0.0 0.0 0.0 0.0 1400.0 1304.0 7.0 26.2 11.8 17.3 626.0 240.0 6.98 14.41 12.97 26.2 53.58 27.38 134.14 375.6 493.3 400.2 173.9 822.0 436.0 2
1.0 0.0 0.0 1.0 0.0 0.0 0.0 0.0 0.0 0.0 0.0 1.0 0.0 0.0 0.0 0.0 0.0 0.0 0.0 0.0 0.0 0.0 0.0 0.0 0.0 0.0 0.0 0.0 0.0 0.0 1508.0 1422.0 6.6 19.1 10.6 21.0 651.0 262.0 2.97 24.33 20.57 13.58 58.48 44.9 63.79 697.5 780.8 784.4 408.4 847.0 458.0 2
1.0 0.0 0.0 0.0 0.0 1.0 0.0 0.0 0.0 0.0 0.0 0.0 0.0 0.0 0.0 0.0 1.0 0.0 0.0 0.0 0.0 0.0 0.0 0.0 0.0 0.0 0.0 0.0 0.0 0.0 1580.0 1507.0 8.1 21.2 11.3 23.4 891.0 461.0 6.47 18.15 14.92 26.92 60.0 33.07 69.96 837.6 813.1 743.1 306.1 1087.0 657.0 2
1.0 0.0 0.0 0.0 0.0 1.0 0.0 0.0 0.0 0.0 0.0 0.0 1.0 0.0 0.0 0.0 0.0 0.0 0.0 0.0 0.0 0.0 0.0 0.0 0.0 0.0 0.0 0.0 0.0 0.0 1374.0 1317.0 8.8 18.4 10.9 25.5 891.0 461.0 14.5 16.93 13.86 24.18 54.96 30.78 44.34 706.5 769.9 816.0 513.2 1087.0 657.0 2
0.0 0.0 1.0 0.0 0.0 1.0 0.0 0.0 0.0 0.0 0.0 0.0 0.0 0.0 0.0 0.0 0.0 0.0 1.0 0.0 0.0 0.0 0.0 0.0 0.0 0.0 0.0 0.0 0.0 0.0 1359.0 1218.0 8.1 29.8 13.5 19.0 667.0 296.0 3.85 9.42 8.58 39.04 57.04 18.0 163.01 748.0 862.6 394.7 103.2 863.0 492.0 2
0.0 0.0 1.0 1.0 0.0 0.0 0.0 0.0 0.0 0.0 0.0 0.0 0.0 0.0 0.0 0.0 0.0 0.0 0.0 0.0 0.0 0.0 1.0 0.0 0.0 0.0 0.0 0.0 0.0 0.0 1498.0 1432.0 3.4 17.3 8.0 15.1 602.0 190.0 -5.17 18.23 17.09 8.68 44.01 35.33 67.99 463.3 467.9 639.0 412.6 798.0 386.0 3
0.0 0.0 1.0 0.0 0.0 1.0 0.0 0.0 0.0 0.0 0.0 0.0 0.0 0.0 0.0 0.0 0.0 0.0 0.0 0.0 0.0 0.0 0.0 0.0 1.0 0.0 0.0 0.0 0.0 0.0 1577.0 1427.0 7.8 28.7 11.3 20.1 667.0 296.0 5.11 8.24 8.04 34.47 50.74 16.27 108.2 516.8 760.3 418.6 105.8 863.0 492.0 3
0.0 0.0 1.0 0.0 0.0 1.0 0.0 0.0 0.0 0.0 0.0 0.0 0.0 0.0 0.0 0.0 0.0 0.0 0.0 0.0 0.0 0.0 0.0 0.0 0.0 0.0 0.0 0.0 1.0 0.0 2116.0 1926.0 8.6 27.6 13.7 22.3 667.0 296.0 10.56 13.05 11.79 39.88 64.72 24.84 132.76 939.8 923.1 494.0 90.5 863.0 492.0 3
0.0 0.0 1.0 1.0 0.0 0.0 0.0 0.0 0.0 0.0 0.0 0.0 0.0 0.0 0.0 1.0 0.0 0.0 0.0 0.0 0.0 0.0 0.0 0.0 0.0 0.0 0.0 0.0 0.0 0.0 1629.0 1548.0 3.8 17.6 8.7 18.1 602.0 190.0 -2.15 21.0 18.43 8.48 47.91 39.42 68.46 543.2 493.9 808.3 487.4 798.0 386.0 3
0.0 0.0 1.0 1.0 0.0 0.0 0.0 0.0 0.0 0.0 0.0 0.0 1.0 0.0 0.0 0.0 0.0 0.0 0.0 0.0 0.0 0.0 0.0 0.0 0.0 0.0 0.0 0.0 0.0 0.0 1749.0 1677.0 2.8 17.6 8.2 12.3 602.0 190.0 -4.84 17.25 17.69 8.92 43.86 34.94 79.02 451.7 503.5 679.5 379.9 798.0 386.0 3
0.0 0.0 1.0 0.0 0.0 0.0 1.0 0.0 0.0 0.0 1.0 0.0 0.0 0.0 0.0 0.0 0.0 0.0 0.0 0.0 0.0 0.0 0.0 0.0 0.0 0.0 0.0 0.0 0.0 0.0 1156.0 1067.0 7.4 27.8 12.8 23.0 704.0 309.0 12.4 8.01 7.92 40.5 56.43 15.93 144.0 486.6 644.6 222.1 81.6 900.0 505.0 3
