1.0 0.0 0.0 0.0 1.0 0.0 0.0 0.0 0.0 0.0 0.0 0.0 1.0 0.0 0.0 0.0 0.0 0.0 0.0 0.0 0.0 0.0 0.0 0.0 0.0 0.0 0.0 0.0 0.0 0.0 1709.0 1596.0 8.9 22.1 11.3 20.7 772.0 372.0 8.18 16.97 15.16 26.87 59.01 32.13 71.83 768.3 899.4 637.7 316.0 968.0 568.0 1
1.0 0.0 0.0 1.0 0.0 0.0 0.0 0.0 0.0 1.0 0.0 0.0 0.0 0.0 0.0 0.0 0.0 0.0 0.0 0.0 0.0 0.0 0.0 0.0 0.0 0.0 0.0 0.0 0.0 0.0 1667.0 1590.0 8.4 21.6 11.3 19.9 651.0 262.0 7.12 20.24 18.36 22.38 60.98 38.6 85.1 823.6 817.8 670.9 308.4 721.0 458.0 1
0.0 1.0 0.0 0.0 0.0 1.0 0.0 0.0 0.0 0.0 0.0 0.0 0.0 0.0 0.0 0.0 0.0 0.0 0.0 0.0 0.0 0.0 0.0 0.0 0.0 0.0 1.0 0.0 0.0 0.0 2250.0 2098.0 10.2 23.7 12.6 17.0 727.0 376.0 12.87 11.73 11.28 36.45 59.46 23.01 100.73 431.3 617.5 188.0 147.2 923.0 572.0 1
0.0 0.0 1.0 0.0 0.0 0.0 0.0 1.0 0.0 0.0 0.0 0.0 0.0 0.0 1.0 0.0 0.0 0.0 0.0 0.0 0.0 0.0 0.0 0.0 0.0 0.0 0.0 0.0 0.0 0.0 1374.0 1217.0 9.1 23.6 13.4 27.3 709.0 368.0 14.87 10.62 9.58 40.9 61.1 20.2 62.54 854.6 871.6 547.1 123.2 905.0 564.0 1
1.0 0.0 0.0 1.0 0.0 0.0 0.0 0.0 1.0 0.0 0.0 0.0 0.0 0.0 0.0 0.0 0.0 0.0 0.0 0.0 0.0 0.0 0.0 0.0 0.0 0.0 0.0 0.0 0.0 0.0 1815.0 1717.0 8.3 22.3 10.6 22.5 651.0 262.0 7.71 18.93 18.71 20.0 57.65 37.64 92.77 667.0 748.6 610.1 376.9 847.0 458.0 1
1.0 0.0 0.0 0.0 0.0 1.0 0.0 0.0 0.0 0.0 0.0 0.0 0.0 0.0 0.0 1.0 0.0 0.0 0.0 0.0 0.0 0.0 0.0 0.0 0.0 0.0 0.0 0.0 0.0 0.0 1614.0 1539.0 9.9 22.9 13.4 25.8 891.0 461.0 15.17 14.77 12.3 37.35 64.42 27.07 72.82 832.3 875.1 644.1 163.2 1087.0 531.0 1
0.0 0.0 1.0 0.0 0.0 0.0 0.0 1.0 0.0 0.0 0.0 0.0 0.0 0.0 0.0 0.0 0.0 0.0 0.0 0.0 0.0 0.0 0.0 0.0 0.0 0.0 0.0 0.0 0.0 1.0 1478.0 1354.0 8.9 22.2 12.8 24.5 709.0 368.0 15.46 12.34 11.17 37.14 60.65 23.51 85.47 903.3 861.5 796.6 106.2 905.0 564.0 1
0.0 0.0 1.0 0.0 1.0 0.0 0.0 0.0 0.0 0.0 0.0 0.0 0.0 0.0 0.0 0.0 0.0 0.0 1.0 0.0 0.0 0.0 0.0 0.0 0.0 0.0 0.0 0.0 0.0 0.0 1503.0 1390.0 6.5 20.8 11.3 24.6 626.0 240.0 5.49 20.84 18.53 19.22 58.59 39.37 58.45 319.6 415.8 272.1 201.2 822.0 436.0 1
1.0 0.0 0.0 0.0 1.0 0.0 0.0 0.0 0.0 0.0 0.0 0.0 0.0 1.0 0.0 0.0 0.0 0.0 0.0 0.0 0.0 0.0 0.0 0.0 0.0 0.0 0.0 0.0 0.0 0.0 1758.0 1663.0 8.3 23.6 11.9 24.5 772.0 372.0 9.63 16.8 15.65 30.47 62.92 32.45 90.15 871.2 848.9 605.8 296.1 968.0 568.0 1
0.0 1.0 0.0 0.0 0.0 1.0 0.0 0.0 0.0 0.0 0.0 0.0 0.0 0.0 0.0 0.0 0.0 0.0 0.0 0.0 0.0 0.0 0.0 0.0 0.0 1.0 0.0 0.0 0.0 0.0 2581.0 2403.0 10.2 24.9 13.2 18.2 727.0 376.0 9.2 16.31 14.74 39.34 70.39 31.05 109.06 585.0 644.5 215.7 124.5 923.0 572.0 1
0.0 1.0 0.0 0.0 1.0 0.0 0.0 0.0 0.0 0.0 0.0 0.0 0.0 1.0 0.0 0.0 0.0 0.0 0.0 0.0 0.0 0.0 0.0 0.0 0.0 0.0 0.0 0.0 0.0 0.0 2244.0 2029.0 7.3 21.1 11.0 16.9 664.0 323.0 6.89 17.94 17.09 23.59 58.62 35.03 86.72 838.9 773.4 715.2 135.5 860.0 519.0 1
0.0 1.0 0.0 0.0 0.0 0.0 1.0 0.0 0.0 0.0 0.0 0.0 0.0 0.0 0.0 0.0 0.0 0.0 0.0 0.0 1.0 0.0 0.0 0.0 0.0 0.0 0.0 0.0 0.0 0.0 2425.0 2213.0 9.6 26.2 15.1 20.2 804.0 438.0 11.4 4.69 4.74 43.78 53.21 9.43 112.14 893.0 971.5 440.3 153.6 1000.0 634.0 1
0.0 1.0 0.0 0.0 1.0 0.0 0.0 0.0 0.0 0.0 0.0 0.0 0.0 0.0 0.0 0.0 0.0 0.0 0.0 0.0 0.0 0.0 0.0 1.0 0.0 0.0 0.0 0.0 0.0 0.0 2863.0 2607.0 8.6 23.8 12.4 17.0 664.0 323.0 4.59 17.06 15.95 26.82 59.83 33.01 101.63 844.5 757.0 418.6 186.5 860.0 519.0 1
1.0 0.0 0.0 0.0 0.0 0.0 1.0 0.0 0.0 0.0 0.0 0.0 0.0 0.0 0.0 0.0 0.0 0.0 0.0 1.0 0.0 0.0 0.0 0.0 0.0 0.0 0.0 0.0 0.0 0.0 1800.0 1820.0 10.9 22.6 12.7 27.5 953.0 542.0 16.36 14.87 11.98 37.65 64.5 26.85 86.78 876.4 880.9 687.8 325.8 1023.0 738.0 1
0.0 0.0 1.0 0.0 0.0 0.0 0.0 1.0 0.0 0.0 0.0 0.0 0.0 0.0 0.0 0.0 1.0 0.0 0.0 0.0 0.0 0.0 0.0 0.0 0.0 0.0 0.0 0.0 0.0 0.0 1743.0 1549.0 9.7 22.7 13.7 25.7 709.0 368.0 12.88 13.32 11.33 36.91 61.56 24.65 40.86 853.0 934.5 631.0 109.6 905.0 564.0 1
1.0 0.0 0.0 0.0 0.0 0.0 1.0 0.0 0.0 0.0 0.0 0.0 0.0 0.0 0.0 0.0 1.0 0.0 0.0 0.0 0.0 0.0 0.0 0.0 0.0 0.0 0.0 0.0 0.0 0.0 2300.0 2218.0 10.8 27.2 13.7 24.2 953.0 542.0 14.12 8.62 7.83 46.35 62.8 16.46 119.41 787.9 895.4 537.0 270.9 1023.0 738.0 1
1.0 0.0 0.0 0.0 0.0 0.0 1.0 0.0 0.0 0.0 0.0 0.0 0.0 0.0 0.0 0.0 0.0 1.0 0.0 0.0 0.0 0.0 0.0 0.0 0.0 0.0 0.0 0.0 0.0 0.0 2100.0 2093.0 9.4 20.7 12.1 24.0 953.0 542.0 14.81 14.133922 12.89902 28.021373 55.054314 27.032549 89.252549 810.1 896.8 766.9 489.1 1023.0 738.0 1
0.0 1.0 0.0 1.0 0.0 0.0 0.0 0.0 0.0 0.0 0.0 0.0 0.0 0.0 0.0 0.0 0.0 0.0 0.0 0.0 0.0 1.0 0.0 0.0 0.0 0.0 0.0 0.0 0.0 0.0 1718.0 1547.0 5.6 13.9 7.8 10.2 601.0 272.0 -1.76 11.94 11.84 8.31 32.1 23.78 37.39 621.5 657.2 877.7 353.1 797.0 468.0 2
0.0 1.0 0.0 0.0 1.0 0.0 0.0 0.0 0.0 0.0 0.0 0.0 0.0 0.0 0.0 0.0 0.0 0.0 0.0 1.0 0.0 0.0 0.0 0.0 0.0 0.0 0.0 0.0 0.0 0.0 2351.0 2161.0 8.7 25.1 12.6 17.8 664.0 323.0 7.58 15.86 15.14 34.64 65.64 31.0 104.42 662.5 761.7 350.2 163.9 860.0 519.0 2
1.0 0.0 0.0 0.0 0.0 1.0 0.0 0.0 0.0 0.0 0.0 0.0 1.0 0.0 0.0 0.0 0.0 0.0 0.0 0.0 0.0 0.0 0.0 0.0 0.0 0.0 0.0 0.0 0.0 0.0 1374.0 1317.0 8.8 18.4 10.9 25.5 891.0 461.0 14.5 16.93 13.86 24.18 54.96 30.78 44.34 706.5 769.9 816.0 513.2 1087.0 657.0 2
1.0 0.0 0.0 0.0 1.0 0.0 0.0 0.0 0.0 0.0 0.0 0.0 0.0 0.0 1.0 0.0 0.0 0.0 0.0 0.0 0.0 0.0 0.0 0.0 0.0 0.0 0.0 0.0 0.0 0.0 2135.0 2002.0 7.7 19.9 11.1 21.3 772.0 372.0 5.56 21.99 17.81 22.63 62.43 39.8 50.94 807.5 803.0 924.7 686.1 968.0 568.0 2
0.0 1.0 0.0 0.0 0.0 1.0 0.0 0.0 0.0 0.0 0.0 0.0 0.0 0.0 0.0 0.0 0.0 0.0 0.0 0.0 0.0 0.0 1.0 0.0 0.0 0.0 0.0 0.0 0.0 0.0 2229.0 2011.0 9.5 22.4 12.5 19.5 727.0 376.0 15.55 6.76 6.29 38.48 51.54 13.06 76.16 512.5 721.9 531.2 94.2 923.0 572.0 2
1.0 0.0 0.0 0.0 1.0 0.0 0.0 0.0 0.0 1.0 0.0 0.0 0.0 0.0 0.0 0.0 0.0 0.0 0.0 0.0 0.0 0.0 0.0 0.0 0.0 0.0 0.0 0.0 0.0 0.0 1611.0 1504.0 8.0 16.3 10.1 23.9 772.0 372.0 0.48 21.37 16.45 20.05 57.87 37.82 27.87 740.5 746.5 744.5 590.5 968.0 568.0 2
0.0 0.0 1.0 0.0 0.0 1.0 0.0 0.0 0.0 0.0 0.0 0.0 0.0 0.0 0.0 0.0 0.0 0.0 1.0 0.0 0.0 0.0 0.0 0.0 0.0 0.0 0.0 0.0 0.0 0.0 1359.0 1218.0 8.1 29.8 13.5 19.0 667.0 296.0 3.85 9.42 8.58 39.04 57.04 18.0 163.01 748.0 862.6 394.7 103.2 863.0 492.0 2
0.0 1.0 0.0 1.0 0.0 0.0 0.0 0.0 0.0 0.0 0.0 0.0 0.0 1.0 0.0 0.0 0.0 0.0 0.0 0.0 0.0 0.0 0.0 0.0 0.0 0.0 0.0 0.0 0.0 0.0 2253.0 1977.0 5.7 15.5 9.3 10.9 601.0 272.0 5.85 11.04 10.94 8.97 30.95 21.98 44.8 564.0 700.1 946.2 296.0 797.0 468.0 2
0.0 0.0 1.0 0.0 1.0 0.0 0.0 0.0 1.0 0.0 0.0 0.0 0.0 0.0 0.0 0.0 0.0 0.0 0.0 0.0 0.0 0.0 0.0 0.0 0.0 0.0 0.0 0.0 0.0 0.0 2485.0 2287.0 7.1 27.1 11.6 17.9 626.0 240.0 3.7 10.08 9.49 25.07 44.63 19.57 103.25 362.6 453.3 270.2 144.0 822.0 436.0 2
0.0 1.0 0.0 0.0 1.0 0.0 0.0 0.0 0.0 0.0 0.0 0.0 0.0 0.0 0.0 0.0 0.0 0.0 0.0 0.0 0.0 0.0 1.0 0.0 0.0 0.0 0.0 0.0 0.0 0.0 2235.0 2061.0 7.9 23.8 12.1 16.4 664.0 323.0 9.55 7.62 7.81 32.46 47.89 15.42 102.82 570.2 735.4 483.4 178.6 860.0 519.0 2
0.0 0.0 1.0 0.0 1.0 0.0 0.0 0.0 0.0 0.0 0.0 0.0 0.0 0.0 0.0 1.0 0.0 0.0 0.0 0.0 0.0 0.0 0.0 0.0 0.0 0.0 0.0 0.0 0.0 0.0 1335.0 1239.0 6.6 27.5 12.4 19.8 626.0 240.0 7.54 10.86 10.7 29.07 50.63 21.56 144.93 327.1 462.1 453.7 140.2 822.0 436.0 2
1.0 0.0 0.0 1.0 0.0 0.0 0.0 0.0 0.0 0.0 1.0 0.0 0.0 0.0 0.0 0.0 0.0 0.0 0.0 0.0 0.0 0.0 0.0 0.0 0.0 0.0 0.0 0.0 0.0 0.0 1508.0 1437.0 7.0 19.8 11.2 20.2 651.0 262.0 10.58 20.73 19.58 18.63 58.94 40.31 70.29 740.5 837.8 693.7 331.5 847.0 458.0 2
1.0 0.0 0.0 0.0 0.0 1.0 0.0 0.0 0.0 0.0 0.0 0.0 0.0 0.0 0.0 0.0 1.0 0.0 0.0 0.0 0.0 0.0 0.0 0.0 0.0 0.0 0.0 0.0 0.0 0.0 1580.0 1507.0 8.1 21.2 11.3 23.4 891.0 461.0 6.47 18.15 14.92 26.92 60.0 33.07 69.96 837.6 813.1 743.1 306.1 1087.0 657.0 2
0.0 0.0 1.0 0.0 0.0 1.0 0.0 0.0 0.0 0.0 0.0 0.0 0.0 0.0 0.0 0.0 0.0 0.0 0.0 0.0 0.0 0.0 0.0 0.0 0.0 0.0 0.0 1.0 0.0 0.0 1428.0 1278.0 9.6 24.9 11.8 19.6 667.0 296.0 6.8 16.36 15.61 22.48 54.46 31.97 121.76 850.0 901.0 665.9 89.6 863.0 492.0 2
0.0 1.0 0.0 1.0 0.0 0.0 0.0 0.0 0.0 0.0 0.0 0.0 1.0 0.0 0.0 0.0 0.0 0.0 0.0 0.0 0.0 0.0 0.0 0.0 0.0 0.0 0.0 0.0 0.0 0.0 1870.0 1690.0 5.1 15.7 9.1 11.7 601.0 272.0 -7.39 12.86 13.05 9.5 35.4 25.91 50.87 659.3 711.0 920.2 410.0 797.0 468.0 2
0.0 1.0 0.0 0.0 0.0 0.0 1.0 0.0 0.0 0.0 0.0 0.0 0.0 0.0 0.0 0.0 0.0 0.0 0.0 0.0 0.0 1.0 0.0 0.0 0.0 0.0 0.0 0.0 0.0 0.0 2005.0 1795.0 7.7 22.7 13.2 18.2 804.0 438.0 14.07 9.28 9.17 30.17 48.62 18.46 91.48 854.0 944.4 808.8 150.4 1000.0 634.0 2
0.0 0.0 1.0 1.0 0.0 0.0 0.0 0.0 0.0 0.0 0.0 0.0 1.0 0.0 0.0 0.0 0.0 0.0 0.0 0.0 0.0 0.0 0.0 0.0 0.0 0.0 0.0 0.0 0.0 0.0 1749.0 1677.0 2.8 17.6 8.2 12.3 602.0 190.0 -4.84 17.25 17.69 8.92 43.86 34.94 79.02 451.7 503.5 679.5 379.9 798.0 386.0 3
0.0 0.0 1.0 1.0 0.0 0.0 0.0 0.0 0.0 0.0 1.0 0.0 0.0 0.0 0.0 0.0 0.0 0.0 0.0 0.0 0.0 0.0 0.0 0.0 0.0 0.0 0.0 0.0 0.0 0.0 1938.0 1852.0 3.4 17.4 8.1 13.3 602.0 190.0 -2.92 18.71 17.84 10.56 47.1 36.54 86.3 426.0 478.9 690.0 286.1 798.0 386.0 3
0.0 0.0 1.0 0.0 0.0 0.0 1.0 0.0 0.0 0.0 1.0 0.0 0.0 0.0 0.0 0.0 0.0 0.0 0.0 0.0 0.0 0.0 0.0 0.0 0.0 0.0 0.0 0.0 0.0 0.0 1156.0 1067.0 7.4 27.8 12.8 23.0 704.0 309.0 12.4 8.01 7.92 40.5 56.43 15.93 144.0 486.6 644.6 222.1 81.6 900.0 505.0 3
0.0 0.0 1.0 1.0 0.0 0.0 0.0 0.0 0.0 0.0 0.0 0.0 0.0 0.0 0.0 0.0 0.0 0.0 0.0 0.0 0.0 0.0 1.0 0.0 0.0 0.0 0.0 0.0 0.0 0.0 1498.0 1432.0 3.4 17.3 8.0 15.1 602.0 190.0 -5.17 18.23 17.09 8.68 44.01 35.33 67.99 463.3 467.9 639.0 412.6 798.0 386.0 3
0.0 0.0 1.0 1.0 0.0 0.0 0.0 0.0 0.0 0.0 0.0 0.0 0.0 0.0 0.0 1.0 0.0 0.0 0.0 0.0 0.0 0.0 0.0 0.0 0.0 0.0 0.0 0.0 0.0 0.0 1629.0 1548.0 3.8 17.6 8.7 18.1 602.0 190.0 -2.15 21.0 18.43 8.48 47.91 39.42 68.46 543.2 493.9 808.3 487.4 798.0 386.0 3
0.0 0.0 1.0 0.0 0.0 0.0 1.0 0.0 0.0 0.0 0.0 0.0 0.0 0.0 0.0 1.0 0.0 0.0 0.0 0.0 0.0 0.0 0.0 0.0 0.0 0.0 0.0 0.0 0.0 0.0 1865.0 1703.0 8.2 30.6 14.0 23.1 704.0 309.0 14.29 10.65 9.79 37.79 58.23 20.44 175.34 479.6 621.6 221.0 131.1 900.0 505.0 3
